768 1 0.1 1 1 0
1 1 1 25.46588896 -44.10821344 -0.0 25.46588896 44.10821344 -0.0 -0.0 0.0 19.04122585
0 0.0 0.0 9.52061292 95.95 0.0 0.0 0.0
1 1.59161806 -0.91892113 11.08412663 32.06 0.0 0.0 0.0
1 1.59161806 -0.91892113 7.95709922 32.06 0.0 0.0 0.0
0 1.59161806 2.75676334 9.52061292 95.95 0.0 0.0 0.0
1 3.18323612 1.83784221 11.08412663 32.06 0.0 0.0 0.0
1 3.18323612 1.83784221 7.95709922 32.06 0.0 0.0 0.0
0 3.18323612 5.51352668 9.52061292 95.95 0.0 0.0 0.0
1 4.77485418 4.59460555 11.08412663 32.06 0.0 0.0 0.0
1 4.77485418 4.59460555 7.95709922 32.06 0.0 0.0 0.0
0 4.77485418 8.27029002 9.52061292 95.95 0.0 0.0 0.0
1 6.36647224 7.35136889 11.08412663 32.06 0.0 0.0 0.0
1 6.36647224 7.35136889 7.95709922 32.06 0.0 0.0 0.0
0 6.36647224 11.02705336 9.52061292 95.95 0.0 0.0 0.0
1 7.9580903 10.10813223 11.08412663 32.06 0.0 0.0 0.0
1 7.9580903 10.10813223 7.95709922 32.06 0.0 0.0 0.0
0 7.9580903 13.7838167 9.52061292 95.95 0.0 0.0 0.0
1 9.54970836 12.86489557 11.08412663 32.06 0.0 0.0 0.0
1 9.54970836 12.86489557 7.95709922 32.06 0.0 0.0 0.0
0 9.54970836 16.54058004 9.52061292 95.95 0.0 0.0 0.0
1 11.14132642 15.62165891 11.08412663 32.06 0.0 0.0 0.0
1 11.14132642 15.62165891 7.95709922 32.06 0.0 0.0 0.0
0 11.14132642 19.29734338 9.52061292 95.95 0.0 0.0 0.0
1 12.73294448 18.37842225 11.08412663 32.06 0.0 0.0 0.0
1 12.73294448 18.37842225 7.95709922 32.06 0.0 0.0 0.0
0 12.73294448 22.05410672 9.52061292 95.95 0.0 0.0 0.0
1 14.32456254 21.13518559 11.08412663 32.06 0.0 0.0 0.0
1 14.32456254 21.13518559 7.95709922 32.06 0.0 0.0 0.0
0 14.32456254 24.81087006 9.52061292 95.95 0.0 0.0 0.0
1 15.9161806 23.89194893 11.08412663 32.06 0.0 0.0 0.0
1 15.9161806 23.89194893 7.95709922 32.06 0.0 0.0 0.0
0 15.9161806 27.5676334 9.52061292 95.95 0.0 0.0 0.0
1 17.50779866 26.64871227 11.08412663 32.06 0.0 0.0 0.0
1 17.50779866 26.64871227 7.95709922 32.06 0.0 0.0 0.0
0 17.50779866 30.32439674 9.52061292 95.95 0.0 0.0 0.0
1 19.09941672 29.40547561 11.08412663 32.06 0.0 0.0 0.0
1 19.09941672 29.40547561 7.95709922 32.06 0.0 0.0 0.0
0 19.09941672 33.08116008 9.52061292 95.95 0.0 0.0 0.0
1 20.69103478 32.16223895 11.08412663 32.06 0.0 0.0 0.0
1 20.69103478 32.16223895 7.95709922 32.06 0.0 0.0 0.0
0 20.69103478 35.83792342 9.52061292 95.95 0.0 0.0 0.0
1 22.28265284 34.91900229 11.08412663 32.06 0.0 0.0 0.0
1 22.28265284 34.91900229 7.95709922 32.06 0.0 0.0 0.0
0 22.28265284 38.59468676 9.52061292 95.95 0.0 0.0 0.0
1 23.8742709 37.67576563 11.08412663 32.06 0.0 0.0 0.0
1 23.8742709 37.67576563 7.95709922 32.06 0.0 0.0 0.0
0 23.8742709 41.3514501 9.52061292 95.95 0.0 0.0 0.0
1 25.46588896 40.43252897 11.08412663 32.06 0.0 0.0 0.0
1 25.46588896 40.43252897 7.95709922 32.06 0.0 0.0 0.0
0 1.59161806 -2.75676334 9.52061292 95.95 0.0 0.0 0.0
1 3.18323612 -3.67568447 11.08412663 32.06 0.0 0.0 0.0
1 3.18323612 -3.67568447 7.95709922 32.06 0.0 0.0 0.0
0 3.18323612 0.0 9.52061292 95.95 0.0 0.0 0.0
1 4.77485418 -0.91892113 11.08412663 32.06 0.0 0.0 0.0
1 4.77485418 -0.91892113 7.95709922 32.06 0.0 0.0 0.0
0 4.77485418 2.75676334 9.52061292 95.95 0.0 0.0 0.0
1 6.36647224 1.83784221 11.08412663 32.06 0.0 0.0 0.0
1 6.36647224 1.83784221 7.95709922 32.06 0.0 0.0 0.0
0 6.36647224 5.51352668 9.52061292 95.95 0.0 0.0 0.0
1 7.9580903 4.59460555 11.08412663 32.06 0.0 0.0 0.0
1 7.9580903 4.59460555 7.95709922 32.06 0.0 0.0 0.0
0 7.9580903 8.27029002 9.52061292 95.95 0.0 0.0 0.0
1 9.54970836 7.35136889 11.08412663 32.06 0.0 0.0 0.0
1 9.54970836 7.35136889 7.95709922 32.06 0.0 0.0 0.0
0 9.54970836 11.02705336 9.52061292 95.95 0.0 0.0 0.0
1 11.14132642 10.10813223 11.08412663 32.06 0.0 0.0 0.0
1 11.14132642 10.10813223 7.95709922 32.06 0.0 0.0 0.0
0 11.14132642 13.7838167 9.52061292 95.95 0.0 0.0 0.0
1 12.73294448 12.86489557 11.08412663 32.06 0.0 0.0 0.0
1 12.73294448 12.86489557 7.95709922 32.06 0.0 0.0 0.0
0 12.73294448 16.54058004 9.52061292 95.95 0.0 0.0 0.0
1 14.32456254 15.62165891 11.08412663 32.06 0.0 0.0 0.0
1 14.32456254 15.62165891 7.95709922 32.06 0.0 0.0 0.0
0 14.32456254 19.29734338 9.52061292 95.95 0.0 0.0 0.0
1 15.9161806 18.37842225 11.08412663 32.06 0.0 0.0 0.0
1 15.9161806 18.37842225 7.95709922 32.06 0.0 0.0 0.0
0 15.9161806 22.05410672 9.52061292 95.95 0.0 0.0 0.0
1 17.50779866 21.13518559 11.08412663 32.06 0.0 0.0 0.0
1 17.50779866 21.13518559 7.95709922 32.06 0.0 0.0 0.0
0 17.50779866 24.81087006 9.52061292 95.95 0.0 0.0 0.0
1 19.09941672 23.89194893 11.08412663 32.06 0.0 0.0 0.0
1 19.09941672 23.89194893 7.95709922 32.06 0.0 0.0 0.0
0 19.09941672 27.5676334 9.52061292 95.95 0.0 0.0 0.0
1 20.69103478 26.64871227 11.08412663 32.06 0.0 0.0 0.0
1 20.69103478 26.64871227 7.95709922 32.06 0.0 0.0 0.0
0 20.69103478 30.32439674 9.52061292 95.95 0.0 0.0 0.0
1 22.28265284 29.40547561 11.08412663 32.06 0.0 0.0 0.0
1 22.28265284 29.40547561 7.95709922 32.06 0.0 0.0 0.0
0 22.28265284 33.08116008 9.52061292 95.95 0.0 0.0 0.0
1 23.8742709 32.16223895 11.08412663 32.06 0.0 0.0 0.0
1 23.8742709 32.16223895 7.95709922 32.06 0.0 0.0 0.0
0 23.8742709 35.83792342 9.52061292 95.95 0.0 0.0 0.0
1 25.46588896 34.91900229 11.08412663 32.06 0.0 0.0 0.0
1 25.46588896 34.91900229 7.95709922 32.06 0.0 0.0 0.0
0 25.46588896 38.59468676 9.52061292 95.95 0.0 0.0 0.0
1 27.05750702 37.67576563 11.08412663 32.06 0.0 0.0 0.0
1 27.05750702 37.67576563 7.95709922 32.06 0.0 0.0 0.0
0 3.18323612 -5.51352668 9.52061292 95.95 0.0 0.0 0.0
1 4.77485418 -6.43244781 11.08412663 32.06 0.0 0.0 0.0
1 4.77485418 -6.43244781 7.95709922 32.06 0.0 0.0 0.0
0 4.77485418 -2.75676334 9.52061292 95.95 0.0 0.0 0.0
1 6.36647224 -3.67568447 11.08412663 32.06 0.0 0.0 0.0
1 6.36647224 -3.67568447 7.95709922 32.06 0.0 0.0 0.0
0 6.36647224 0.0 9.52061292 95.95 0.0 0.0 0.0
1 7.9580903 -0.91892113 11.08412663 32.06 0.0 0.0 0.0
1 7.9580903 -0.91892113 7.95709922 32.06 0.0 0.0 0.0
0 7.9580903 2.75676334 9.52061292 95.95 0.0 0.0 0.0
1 9.54970836 1.83784221 11.08412663 32.06 0.0 0.0 0.0
1 9.54970836 1.83784221 7.95709922 32.06 0.0 0.0 0.0
0 9.54970836 5.51352668 9.52061292 95.95 0.0 0.0 0.0
1 11.14132642 4.59460555 11.08412663 32.06 0.0 0.0 0.0
1 11.14132642 4.59460555 7.95709922 32.06 0.0 0.0 0.0
0 11.14132642 8.27029002 9.52061292 95.95 0.0 0.0 0.0
1 12.73294448 7.35136889 11.08412663 32.06 0.0 0.0 0.0
1 12.73294448 7.35136889 7.95709922 32.06 0.0 0.0 0.0
0 12.73294448 11.02705336 9.52061292 95.95 0.0 0.0 0.0
1 14.32456254 10.10813223 11.08412663 32.06 0.0 0.0 0.0
1 14.32456254 10.10813223 7.95709922 32.06 0.0 0.0 0.0
0 14.32456254 13.7838167 9.52061292 95.95 0.0 0.0 0.0
1 15.9161806 12.86489557 11.08412663 32.06 0.0 0.0 0.0
1 15.9161806 12.86489557 7.95709922 32.06 0.0 0.0 0.0
0 15.9161806 16.54058004 9.52061292 95.95 0.0 0.0 0.0
1 17.50779866 15.62165891 11.08412663 32.06 0.0 0.0 0.0
1 17.50779866 15.62165891 7.95709922 32.06 0.0 0.0 0.0
0 17.50779866 19.29734338 9.52061292 95.95 0.0 0.0 0.0
1 19.09941672 18.37842225 11.08412663 32.06 0.0 0.0 0.0
1 19.09941672 18.37842225 7.95709922 32.06 0.0 0.0 0.0
0 19.09941672 22.05410672 9.52061292 95.95 0.0 0.0 0.0
1 20.69103478 21.13518559 11.08412663 32.06 0.0 0.0 0.0
1 20.69103478 21.13518559 7.95709922 32.06 0.0 0.0 0.0
0 20.69103478 24.81087006 9.52061292 95.95 0.0 0.0 0.0
1 22.28265284 23.89194893 11.08412663 32.06 0.0 0.0 0.0
1 22.28265284 23.89194893 7.95709922 32.06 0.0 0.0 0.0
0 22.28265284 27.5676334 9.52061292 95.95 0.0 0.0 0.0
1 23.8742709 26.64871227 11.08412663 32.06 0.0 0.0 0.0
1 23.8742709 26.64871227 7.95709922 32.06 0.0 0.0 0.0
0 23.8742709 30.32439674 9.52061292 95.95 0.0 0.0 0.0
1 25.46588896 29.40547561 11.08412663 32.06 0.0 0.0 0.0
1 25.46588896 29.40547561 7.95709922 32.06 0.0 0.0 0.0
0 25.46588896 33.08116008 9.52061292 95.95 0.0 0.0 0.0
1 27.05750702 32.16223895 11.08412663 32.06 0.0 0.0 0.0
1 27.05750702 32.16223895 7.95709922 32.06 0.0 0.0 0.0
0 27.05750702 35.83792342 9.52061292 95.95 0.0 0.0 0.0
1 28.64912508 34.91900229 11.08412663 32.06 0.0 0.0 0.0
1 28.64912508 34.91900229 7.95709922 32.06 0.0 0.0 0.0
0 4.77485418 -8.27029002 9.52061292 95.95 0.0 0.0 0.0
1 6.36647224 -9.18921115 11.08412663 32.06 0.0 0.0 0.0
1 6.36647224 -9.18921115 7.95709922 32.06 0.0 0.0 0.0
0 6.36647224 -5.51352668 9.52061292 95.95 0.0 0.0 0.0
1 7.9580903 -6.43244781 11.08412663 32.06 0.0 0.0 0.0
1 7.9580903 -6.43244781 7.95709922 32.06 0.0 0.0 0.0
0 7.9580903 -2.75676334 9.52061292 95.95 0.0 0.0 0.0
1 9.54970836 -3.67568447 11.08412663 32.06 0.0 0.0 0.0
1 9.54970836 -3.67568447 7.95709922 32.06 0.0 0.0 0.0
0 9.54970836 0.0 9.52061292 95.95 0.0 0.0 0.0
1 11.14132642 -0.91892113 11.08412663 32.06 0.0 0.0 0.0
1 11.14132642 -0.91892113 7.95709922 32.06 0.0 0.0 0.0
0 11.14132642 2.75676334 9.52061292 95.95 0.0 0.0 0.0
1 12.73294448 1.83784221 11.08412663 32.06 0.0 0.0 0.0
1 12.73294448 1.83784221 7.95709922 32.06 0.0 0.0 0.0
0 12.73294448 5.51352668 9.52061292 95.95 0.0 0.0 0.0
1 14.32456254 4.59460555 11.08412663 32.06 0.0 0.0 0.0
1 14.32456254 4.59460555 7.95709922 32.06 0.0 0.0 0.0
0 14.32456254 8.27029002 9.52061292 95.95 0.0 0.0 0.0
1 15.9161806 7.35136889 11.08412663 32.06 0.0 0.0 0.0
1 15.9161806 7.35136889 7.95709922 32.06 0.0 0.0 0.0
0 15.9161806 11.02705336 9.52061292 95.95 0.0 0.0 0.0
1 17.50779866 10.10813223 11.08412663 32.06 0.0 0.0 0.0
1 17.50779866 10.10813223 7.95709922 32.06 0.0 0.0 0.0
0 17.50779866 13.7838167 9.52061292 95.95 0.0 0.0 0.0
1 19.09941672 12.86489557 11.08412663 32.06 0.0 0.0 0.0
1 19.09941672 12.86489557 7.95709922 32.06 0.0 0.0 0.0
0 19.09941672 16.54058004 9.52061292 95.95 0.0 0.0 0.0
1 20.69103478 15.62165891 11.08412663 32.06 0.0 0.0 0.0
1 20.69103478 15.62165891 7.95709922 32.06 0.0 0.0 0.0
0 20.69103478 19.29734338 9.52061292 95.95 0.0 0.0 0.0
1 22.28265284 18.37842225 11.08412663 32.06 0.0 0.0 0.0
1 22.28265284 18.37842225 7.95709922 32.06 0.0 0.0 0.0
0 22.28265284 22.05410672 9.52061292 95.95 0.0 0.0 0.0
1 23.8742709 21.13518559 11.08412663 32.06 0.0 0.0 0.0
1 23.8742709 21.13518559 7.95709922 32.06 0.0 0.0 0.0
0 23.8742709 24.81087006 9.52061292 95.95 0.0 0.0 0.0
1 25.46588896 23.89194893 11.08412663 32.06 0.0 0.0 0.0
1 25.46588896 23.89194893 7.95709922 32.06 0.0 0.0 0.0
0 25.46588896 27.5676334 9.52061292 95.95 0.0 0.0 0.0
1 27.05750702 26.64871227 11.08412663 32.06 0.0 0.0 0.0
1 27.05750702 26.64871227 7.95709922 32.06 0.0 0.0 0.0
0 27.05750702 30.32439674 9.52061292 95.95 0.0 0.0 0.0
1 28.64912508 29.40547561 11.08412663 32.06 0.0 0.0 0.0
1 28.64912508 29.40547561 7.95709922 32.06 0.0 0.0 0.0
0 28.64912508 33.08116008 9.52061292 95.95 0.0 0.0 0.0
1 30.24074314 32.16223895 11.08412663 32.06 0.0 0.0 0.0
1 30.24074314 32.16223895 7.95709922 32.06 0.0 0.0 0.0
0 6.36647224 -11.02705336 9.52061292 95.95 0.0 0.0 0.0
1 7.9580903 -11.94597449 11.08412663 32.06 0.0 0.0 0.0
1 7.9580903 -11.94597449 7.95709922 32.06 0.0 0.0 0.0
0 7.9580903 -8.27029002 9.52061292 95.95 0.0 0.0 0.0
1 9.54970836 -9.18921115 11.08412663 32.06 0.0 0.0 0.0
1 9.54970836 -9.18921115 7.95709922 32.06 0.0 0.0 0.0
0 9.54970836 -5.51352668 9.52061292 95.95 0.0 0.0 0.0
1 11.14132642 -6.43244781 11.08412663 32.06 0.0 0.0 0.0
1 11.14132642 -6.43244781 7.95709922 32.06 0.0 0.0 0.0
0 11.14132642 -2.75676334 9.52061292 95.95 0.0 0.0 0.0
1 12.73294448 -3.67568447 11.08412663 32.06 0.0 0.0 0.0
1 12.73294448 -3.67568447 7.95709922 32.06 0.0 0.0 0.0
0 12.73294448 0.0 9.52061292 95.95 0.0 0.0 0.0
1 14.32456254 -0.91892113 11.08412663 32.06 0.0 0.0 0.0
1 14.32456254 -0.91892113 7.95709922 32.06 0.0 0.0 0.0
0 14.32456254 2.75676334 9.52061292 95.95 0.0 0.0 0.0
1 15.9161806 1.83784221 11.08412663 32.06 0.0 0.0 0.0
1 15.9161806 1.83784221 7.95709922 32.06 0.0 0.0 0.0
0 15.9161806 5.51352668 9.52061292 95.95 0.0 0.0 0.0
1 17.50779866 4.59460555 11.08412663 32.06 0.0 0.0 0.0
1 17.50779866 4.59460555 7.95709922 32.06 0.0 0.0 0.0
0 17.50779866 8.27029002 9.52061292 95.95 0.0 0.0 0.0
1 19.09941672 7.35136889 11.08412663 32.06 0.0 0.0 0.0
1 19.09941672 7.35136889 7.95709922 32.06 0.0 0.0 0.0
0 19.09941672 11.02705336 9.52061292 95.95 0.0 0.0 0.0
1 20.69103478 10.10813223 11.08412663 32.06 0.0 0.0 0.0
1 20.69103478 10.10813223 7.95709922 32.06 0.0 0.0 0.0
0 20.69103478 13.7838167 9.52061292 95.95 0.0 0.0 0.0
1 22.28265284 12.86489557 11.08412663 32.06 0.0 0.0 0.0
1 22.28265284 12.86489557 7.95709922 32.06 0.0 0.0 0.0
0 22.28265284 16.54058004 9.52061292 95.95 0.0 0.0 0.0
1 23.8742709 15.62165891 11.08412663 32.06 0.0 0.0 0.0
1 23.8742709 15.62165891 7.95709922 32.06 0.0 0.0 0.0
0 23.8742709 19.29734338 9.52061292 95.95 0.0 0.0 0.0
1 25.46588896 18.37842225 11.08412663 32.06 0.0 0.0 0.0
1 25.46588896 18.37842225 7.95709922 32.06 0.0 0.0 0.0
0 25.46588896 22.05410672 9.52061292 95.95 0.0 0.0 0.0
1 27.05750702 21.13518559 11.08412663 32.06 0.0 0.0 0.0
1 27.05750702 21.13518559 7.95709922 32.06 0.0 0.0 0.0
0 27.05750702 24.81087006 9.52061292 95.95 0.0 0.0 0.0
1 28.64912508 23.89194893 11.08412663 32.06 0.0 0.0 0.0
1 28.64912508 23.89194893 7.95709922 32.06 0.0 0.0 0.0
0 28.64912508 27.5676334 9.52061292 95.95 0.0 0.0 0.0
1 30.24074314 26.64871227 11.08412663 32.06 0.0 0.0 0.0
1 30.24074314 26.64871227 7.95709922 32.06 0.0 0.0 0.0
0 30.24074314 30.32439674 9.52061292 95.95 0.0 0.0 0.0
1 31.8323612 29.40547561 11.08412663 32.06 0.0 0.0 0.0
1 31.8323612 29.40547561 7.95709922 32.06 0.0 0.0 0.0
0 7.9580903 -13.7838167 9.52061292 95.95 0.0 0.0 0.0
1 9.54970836 -14.70273783 11.08412663 32.06 0.0 0.0 0.0
1 9.54970836 -14.70273783 7.95709922 32.06 0.0 0.0 0.0
0 9.54970836 -11.02705336 9.52061292 95.95 0.0 0.0 0.0
1 11.14132642 -11.94597449 11.08412663 32.06 0.0 0.0 0.0
1 11.14132642 -11.94597449 7.95709922 32.06 0.0 0.0 0.0
0 11.14132642 -8.27029002 9.52061292 95.95 0.0 0.0 0.0
1 12.73294448 -9.18921115 11.08412663 32.06 0.0 0.0 0.0
1 12.73294448 -9.18921115 7.95709922 32.06 0.0 0.0 0.0
0 12.73294448 -5.51352668 9.52061292 95.95 0.0 0.0 0.0
1 14.32456254 -6.43244781 11.08412663 32.06 0.0 0.0 0.0
1 14.32456254 -6.43244781 7.95709922 32.06 0.0 0.0 0.0
0 14.32456254 -2.75676334 9.52061292 95.95 0.0 0.0 0.0
1 15.9161806 -3.67568447 11.08412663 32.06 0.0 0.0 0.0
1 15.9161806 -3.67568447 7.95709922 32.06 0.0 0.0 0.0
0 15.9161806 0.0 9.52061292 95.95 0.0 0.0 0.0
1 17.50779866 -0.91892113 11.08412663 32.06 0.0 0.0 0.0
1 17.50779866 -0.91892113 7.95709922 32.06 0.0 0.0 0.0
0 17.50779866 2.75676334 9.52061292 95.95 0.0 0.0 0.0
1 19.09941672 1.83784221 11.08412663 32.06 0.0 0.0 0.0
1 19.09941672 1.83784221 7.95709922 32.06 0.0 0.0 0.0
0 19.09941672 5.51352668 9.52061292 95.95 0.0 0.0 0.0
1 20.69103478 4.59460555 11.08412663 32.06 0.0 0.0 0.0
1 20.69103478 4.59460555 7.95709922 32.06 0.0 0.0 0.0
0 20.69103478 8.27029002 9.52061292 95.95 0.0 0.0 0.0
1 22.28265284 7.35136889 11.08412663 32.06 0.0 0.0 0.0
1 22.28265284 7.35136889 7.95709922 32.06 0.0 0.0 0.0
0 22.28265284 11.02705336 9.52061292 95.95 0.0 0.0 0.0
1 23.8742709 10.10813223 11.08412663 32.06 0.0 0.0 0.0
1 23.8742709 10.10813223 7.95709922 32.06 0.0 0.0 0.0
0 23.8742709 13.7838167 9.52061292 95.95 0.0 0.0 0.0
1 25.46588896 12.86489557 11.08412663 32.06 0.0 0.0 0.0
1 25.46588896 12.86489557 7.95709922 32.06 0.0 0.0 0.0
0 25.46588896 16.54058004 9.52061292 95.95 0.0 0.0 0.0
1 27.05750702 15.62165891 11.08412663 32.06 0.0 0.0 0.0
1 27.05750702 15.62165891 7.95709922 32.06 0.0 0.0 0.0
0 27.05750702 19.29734338 9.52061292 95.95 0.0 0.0 0.0
1 28.64912508 18.37842225 11.08412663 32.06 0.0 0.0 0.0
1 28.64912508 18.37842225 7.95709922 32.06 0.0 0.0 0.0
0 28.64912508 22.05410672 9.52061292 95.95 0.0 0.0 0.0
1 30.24074314 21.13518559 11.08412663 32.06 0.0 0.0 0.0
1 30.24074314 21.13518559 7.95709922 32.06 0.0 0.0 0.0
0 30.24074314 24.81087006 9.52061292 95.95 0.0 0.0 0.0
1 31.8323612 23.89194893 11.08412663 32.06 0.0 0.0 0.0
1 31.8323612 23.89194893 7.95709922 32.06 0.0 0.0 0.0
0 31.8323612 27.5676334 9.52061292 95.95 0.0 0.0 0.0
1 33.42397926 26.64871227 11.08412663 32.06 0.0 0.0 0.0
1 33.42397926 26.64871227 7.95709922 32.06 0.0 0.0 0.0
0 9.54970836 -16.54058004 9.52061292 95.95 0.0 0.0 0.0
1 11.14132642 -17.45950117 11.08412663 32.06 0.0 0.0 0.0
1 11.14132642 -17.45950117 7.95709922 32.06 0.0 0.0 0.0
0 11.14132642 -13.7838167 9.52061292 95.95 0.0 0.0 0.0
1 12.73294448 -14.70273783 11.08412663 32.06 0.0 0.0 0.0
1 12.73294448 -14.70273783 7.95709922 32.06 0.0 0.0 0.0
0 12.73294448 -11.02705336 9.52061292 95.95 0.0 0.0 0.0
1 14.32456254 -11.94597449 11.08412663 32.06 0.0 0.0 0.0
1 14.32456254 -11.94597449 7.95709922 32.06 0.0 0.0 0.0
0 14.32456254 -8.27029002 9.52061292 95.95 0.0 0.0 0.0
1 15.9161806 -9.18921115 11.08412663 32.06 0.0 0.0 0.0
1 15.9161806 -9.18921115 7.95709922 32.06 0.0 0.0 0.0
0 15.9161806 -5.51352668 9.52061292 95.95 0.0 0.0 0.0
1 17.50779866 -6.43244781 11.08412663 32.06 0.0 0.0 0.0
1 17.50779866 -6.43244781 7.95709922 32.06 0.0 0.0 0.0
0 17.50779866 -2.75676334 9.52061292 95.95 0.0 0.0 0.0
1 19.09941672 -3.67568447 11.08412663 32.06 0.0 0.0 0.0
1 19.09941672 -3.67568447 7.95709922 32.06 0.0 0.0 0.0
0 19.09941672 0.0 9.52061292 95.95 0.0 0.0 0.0
1 20.69103478 -0.91892113 11.08412663 32.06 0.0 0.0 0.0
1 20.69103478 -0.91892113 7.95709922 32.06 0.0 0.0 0.0
0 20.69103478 2.75676334 9.52061292 95.95 0.0 0.0 0.0
1 22.28265284 1.83784221 11.08412663 32.06 0.0 0.0 0.0
1 22.28265284 1.83784221 7.95709922 32.06 0.0 0.0 0.0
0 22.28265284 5.51352668 9.52061292 95.95 0.0 0.0 0.0
1 23.8742709 4.59460555 11.08412663 32.06 0.0 0.0 0.0
1 23.8742709 4.59460555 7.95709922 32.06 0.0 0.0 0.0
0 23.8742709 8.27029002 9.52061292 95.95 0.0 0.0 0.0
1 25.46588896 7.35136889 11.08412663 32.06 0.0 0.0 0.0
1 25.46588896 7.35136889 7.95709922 32.06 0.0 0.0 0.0
0 25.46588896 11.02705336 9.52061292 95.95 0.0 0.0 0.0
1 27.05750702 10.10813223 11.08412663 32.06 0.0 0.0 0.0
1 27.05750702 10.10813223 7.95709922 32.06 0.0 0.0 0.0
0 27.05750702 13.7838167 9.52061292 95.95 0.0 0.0 0.0
1 28.64912508 12.86489557 11.08412663 32.06 0.0 0.0 0.0
1 28.64912508 12.86489557 7.95709922 32.06 0.0 0.0 0.0
0 28.64912508 16.54058004 9.52061292 95.95 0.0 0.0 0.0
1 30.24074314 15.62165891 11.08412663 32.06 0.0 0.0 0.0
1 30.24074314 15.62165891 7.95709922 32.06 0.0 0.0 0.0
0 30.24074314 19.29734338 9.52061292 95.95 0.0 0.0 0.0
1 31.8323612 18.37842225 11.08412663 32.06 0.0 0.0 0.0
1 31.8323612 18.37842225 7.95709922 32.06 0.0 0.0 0.0
0 31.8323612 22.05410672 9.52061292 95.95 0.0 0.0 0.0
1 33.42397926 21.13518559 11.08412663 32.06 0.0 0.0 0.0
1 33.42397926 21.13518559 7.95709922 32.06 0.0 0.0 0.0
0 33.42397926 24.81087006 9.52061292 95.95 0.0 0.0 0.0
1 35.01559732 23.89194893 11.08412663 32.06 0.0 0.0 0.0
1 35.01559732 23.89194893 7.95709922 32.06 0.0 0.0 0.0
0 11.14132642 -19.29734338 9.52061292 95.95 0.0 0.0 0.0
1 12.73294448 -20.21626451 11.08412663 32.06 0.0 0.0 0.0
1 12.73294448 -20.21626451 7.95709922 32.06 0.0 0.0 0.0
0 12.73294448 -16.54058004 9.52061292 95.95 0.0 0.0 0.0
1 14.32456254 -17.45950117 11.08412663 32.06 0.0 0.0 0.0
1 14.32456254 -17.45950117 7.95709922 32.06 0.0 0.0 0.0
0 14.32456254 -13.7838167 9.52061292 95.95 0.0 0.0 0.0
1 15.9161806 -14.70273783 11.08412663 32.06 0.0 0.0 0.0
1 15.9161806 -14.70273783 7.95709922 32.06 0.0 0.0 0.0
0 15.9161806 -11.02705336 9.52061292 95.95 0.0 0.0 0.0
1 17.50779866 -11.94597449 11.08412663 32.06 0.0 0.0 0.0
1 17.50779866 -11.94597449 7.95709922 32.06 0.0 0.0 0.0
0 17.50779866 -8.27029002 9.52061292 95.95 0.0 0.0 0.0
1 19.09941672 -9.18921115 11.08412663 32.06 0.0 0.0 0.0
1 19.09941672 -9.18921115 7.95709922 32.06 0.0 0.0 0.0
0 19.09941672 -5.51352668 9.52061292 95.95 0.0 0.0 0.0
1 20.69103478 -6.43244781 11.08412663 32.06 0.0 0.0 0.0
1 20.69103478 -6.43244781 7.95709922 32.06 0.0 0.0 0.0
0 20.69103478 -2.75676334 9.52061292 95.95 0.0 0.0 0.0
1 22.28265284 -3.67568447 11.08412663 32.06 0.0 0.0 0.0
1 22.28265284 -3.67568447 7.95709922 32.06 0.0 0.0 0.0
0 22.28265284 0.0 9.52061292 95.95 0.0 0.0 0.0
1 23.8742709 -0.91892113 11.08412663 32.06 0.0 0.0 0.0
1 23.8742709 -0.91892113 7.95709922 32.06 0.0 0.0 0.0
0 23.8742709 2.75676334 9.52061292 95.95 0.0 0.0 0.0
1 25.46588896 1.83784221 11.08412663 32.06 0.0 0.0 0.0
1 25.46588896 1.83784221 7.95709922 32.06 0.0 0.0 0.0
0 25.46588896 5.51352668 9.52061292 95.95 0.0 0.0 0.0
1 27.05750702 4.59460555 11.08412663 32.06 0.0 0.0 0.0
1 27.05750702 4.59460555 7.95709922 32.06 0.0 0.0 0.0
0 27.05750702 8.27029002 9.52061292 95.95 0.0 0.0 0.0
1 28.64912508 7.35136889 11.08412663 32.06 0.0 0.0 0.0
1 28.64912508 7.35136889 7.95709922 32.06 0.0 0.0 0.0
0 28.64912508 11.02705336 9.52061292 95.95 0.0 0.0 0.0
1 30.24074314 10.10813223 11.08412663 32.06 0.0 0.0 0.0
1 30.24074314 10.10813223 7.95709922 32.06 0.0 0.0 0.0
0 30.24074314 13.7838167 9.52061292 95.95 0.0 0.0 0.0
1 31.8323612 12.86489557 11.08412663 32.06 0.0 0.0 0.0
1 31.8323612 12.86489557 7.95709922 32.06 0.0 0.0 0.0
0 31.8323612 16.54058004 9.52061292 95.95 0.0 0.0 0.0
1 33.42397926 15.62165891 11.08412663 32.06 0.0 0.0 0.0
1 33.42397926 15.62165891 7.95709922 32.06 0.0 0.0 0.0
0 33.42397926 19.29734338 9.52061292 95.95 0.0 0.0 0.0
1 35.01559732 18.37842225 11.08412663 32.06 0.0 0.0 0.0
1 35.01559732 18.37842225 7.95709922 32.06 0.0 0.0 0.0
0 35.01559732 22.05410672 9.52061292 95.95 0.0 0.0 0.0
1 36.60721538 21.13518559 11.08412663 32.06 0.0 0.0 0.0
1 36.60721538 21.13518559 7.95709922 32.06 0.0 0.0 0.0
0 12.73294448 -22.05410672 9.52061292 95.95 0.0 0.0 0.0
1 14.32456254 -22.97302785 11.08412663 32.06 0.0 0.0 0.0
1 14.32456254 -22.97302785 7.95709922 32.06 0.0 0.0 0.0
0 14.32456254 -19.29734338 9.52061292 95.95 0.0 0.0 0.0
1 15.9161806 -20.21626451 11.08412663 32.06 0.0 0.0 0.0
1 15.9161806 -20.21626451 7.95709922 32.06 0.0 0.0 0.0
0 15.9161806 -16.54058004 9.52061292 95.95 0.0 0.0 0.0
1 17.50779866 -17.45950117 11.08412663 32.06 0.0 0.0 0.0
1 17.50779866 -17.45950117 7.95709922 32.06 0.0 0.0 0.0
0 17.50779866 -13.7838167 9.52061292 95.95 0.0 0.0 0.0
1 19.09941672 -14.70273783 11.08412663 32.06 0.0 0.0 0.0
1 19.09941672 -14.70273783 7.95709922 32.06 0.0 0.0 0.0
0 19.09941672 -11.02705336 9.52061292 95.95 0.0 0.0 0.0
1 20.69103478 -11.94597449 11.08412663 32.06 0.0 0.0 0.0
1 20.69103478 -11.94597449 7.95709922 32.06 0.0 0.0 0.0
0 20.69103478 -8.27029002 9.52061292 95.95 0.0 0.0 0.0
1 22.28265284 -9.18921115 11.08412663 32.06 0.0 0.0 0.0
1 22.28265284 -9.18921115 7.95709922 32.06 0.0 0.0 0.0
0 22.28265284 -5.51352668 9.52061292 95.95 0.0 0.0 0.0
1 23.8742709 -6.43244781 11.08412663 32.06 0.0 0.0 0.0
1 23.8742709 -6.43244781 7.95709922 32.06 0.0 0.0 0.0
0 23.8742709 -2.75676334 9.52061292 95.95 0.0 0.0 0.0
1 25.46588896 -3.67568447 11.08412663 32.06 0.0 0.0 0.0
1 25.46588896 -3.67568447 7.95709922 32.06 0.0 0.0 0.0
0 25.46588896 0.0 9.52061292 95.95 0.0 0.0 0.0
1 27.05750702 -0.91892113 11.08412663 32.06 0.0 0.0 0.0
1 27.05750702 -0.91892113 7.95709922 32.06 0.0 0.0 0.0
0 27.05750702 2.75676334 9.52061292 95.95 0.0 0.0 0.0
1 28.64912508 1.83784221 11.08412663 32.06 0.0 0.0 0.0
1 28.64912508 1.83784221 7.95709922 32.06 0.0 0.0 0.0
0 28.64912508 5.51352668 9.52061292 95.95 0.0 0.0 0.0
1 30.24074314 4.59460555 11.08412663 32.06 0.0 0.0 0.0
1 30.24074314 4.59460555 7.95709922 32.06 0.0 0.0 0.0
0 30.24074314 8.27029002 9.52061292 95.95 0.0 0.0 0.0
1 31.8323612 7.35136889 11.08412663 32.06 0.0 0.0 0.0
1 31.8323612 7.35136889 7.95709922 32.06 0.0 0.0 0.0
0 31.8323612 11.02705336 9.52061292 95.95 0.0 0.0 0.0
1 33.42397926 10.10813223 11.08412663 32.06 0.0 0.0 0.0
1 33.42397926 10.10813223 7.95709922 32.06 0.0 0.0 0.0
0 33.42397926 13.7838167 9.52061292 95.95 0.0 0.0 0.0
1 35.01559732 12.86489557 11.08412663 32.06 0.0 0.0 0.0
1 35.01559732 12.86489557 7.95709922 32.06 0.0 0.0 0.0
0 35.01559732 16.54058004 9.52061292 95.95 0.0 0.0 0.0
1 36.60721538 15.62165891 11.08412663 32.06 0.0 0.0 0.0
1 36.60721538 15.62165891 7.95709922 32.06 0.0 0.0 0.0
0 36.60721538 19.29734338 9.52061292 95.95 0.0 0.0 0.0
1 38.19883344 18.37842225 11.08412663 32.06 0.0 0.0 0.0
1 38.19883344 18.37842225 7.95709922 32.06 0.0 0.0 0.0
0 14.32456254 -24.81087006 9.52061292 95.95 0.0 0.0 0.0
1 15.9161806 -25.72979119 11.08412663 32.06 0.0 0.0 0.0
1 15.9161806 -25.72979119 7.95709922 32.06 0.0 0.0 0.0
0 15.9161806 -22.05410672 9.52061292 95.95 0.0 0.0 0.0
1 17.50779866 -22.97302785 11.08412663 32.06 0.0 0.0 0.0
1 17.50779866 -22.97302785 7.95709922 32.06 0.0 0.0 0.0
0 17.50779866 -19.29734338 9.52061292 95.95 0.0 0.0 0.0
1 19.09941672 -20.21626451 11.08412663 32.06 0.0 0.0 0.0
1 19.09941672 -20.21626451 7.95709922 32.06 0.0 0.0 0.0
0 19.09941672 -16.54058004 9.52061292 95.95 0.0 0.0 0.0
1 20.69103478 -17.45950117 11.08412663 32.06 0.0 0.0 0.0
1 20.69103478 -17.45950117 7.95709922 32.06 0.0 0.0 0.0
0 20.69103478 -13.7838167 9.52061292 95.95 0.0 0.0 0.0
1 22.28265284 -14.70273783 11.08412663 32.06 0.0 0.0 0.0
1 22.28265284 -14.70273783 7.95709922 32.06 0.0 0.0 0.0
0 22.28265284 -11.02705336 9.52061292 95.95 0.0 0.0 0.0
1 23.8742709 -11.94597449 11.08412663 32.06 0.0 0.0 0.0
1 23.8742709 -11.94597449 7.95709922 32.06 0.0 0.0 0.0
0 23.8742709 -8.27029002 9.52061292 95.95 0.0 0.0 0.0
1 25.46588896 -9.18921115 11.08412663 32.06 0.0 0.0 0.0
1 25.46588896 -9.18921115 7.95709922 32.06 0.0 0.0 0.0
0 25.46588896 -5.51352668 9.52061292 95.95 0.0 0.0 0.0
1 27.05750702 -6.43244781 11.08412663 32.06 0.0 0.0 0.0
1 27.05750702 -6.43244781 7.95709922 32.06 0.0 0.0 0.0
0 27.05750702 -2.75676334 9.52061292 95.95 0.0 0.0 0.0
1 28.64912508 -3.67568447 11.08412663 32.06 0.0 0.0 0.0
1 28.64912508 -3.67568447 7.95709922 32.06 0.0 0.0 0.0
0 28.64912508 0.0 9.52061292 95.95 0.0 0.0 0.0
1 30.24074314 -0.91892113 11.08412663 32.06 0.0 0.0 0.0
1 30.24074314 -0.91892113 7.95709922 32.06 0.0 0.0 0.0
0 30.24074314 2.75676334 9.52061292 95.95 0.0 0.0 0.0
1 31.8323612 1.83784221 11.08412663 32.06 0.0 0.0 0.0
1 31.8323612 1.83784221 7.95709922 32.06 0.0 0.0 0.0
0 31.8323612 5.51352668 9.52061292 95.95 0.0 0.0 0.0
1 33.42397926 4.59460555 11.08412663 32.06 0.0 0.0 0.0
1 33.42397926 4.59460555 7.95709922 32.06 0.0 0.0 0.0
0 33.42397926 8.27029002 9.52061292 95.95 0.0 0.0 0.0
1 35.01559732 7.35136889 11.08412663 32.06 0.0 0.0 0.0
1 35.01559732 7.35136889 7.95709922 32.06 0.0 0.0 0.0
0 35.01559732 11.02705336 9.52061292 95.95 0.0 0.0 0.0
1 36.60721538 10.10813223 11.08412663 32.06 0.0 0.0 0.0
1 36.60721538 10.10813223 7.95709922 32.06 0.0 0.0 0.0
0 36.60721538 13.7838167 9.52061292 95.95 0.0 0.0 0.0
1 38.19883344 12.86489557 11.08412663 32.06 0.0 0.0 0.0
1 38.19883344 12.86489557 7.95709922 32.06 0.0 0.0 0.0
0 38.19883344 16.54058004 9.52061292 95.95 0.0 0.0 0.0
1 39.7904515 15.62165891 11.08412663 32.06 0.0 0.0 0.0
1 39.7904515 15.62165891 7.95709922 32.06 0.0 0.0 0.0
0 15.9161806 -27.5676334 9.52061292 95.95 0.0 0.0 0.0
1 17.50779866 -28.48655453 11.08412663 32.06 0.0 0.0 0.0
1 17.50779866 -28.48655453 7.95709922 32.06 0.0 0.0 0.0
0 17.50779866 -24.81087006 9.52061292 95.95 0.0 0.0 0.0
1 19.09941672 -25.72979119 11.08412663 32.06 0.0 0.0 0.0
1 19.09941672 -25.72979119 7.95709922 32.06 0.0 0.0 0.0
0 19.09941672 -22.05410672 9.52061292 95.95 0.0 0.0 0.0
1 20.69103478 -22.97302785 11.08412663 32.06 0.0 0.0 0.0
1 20.69103478 -22.97302785 7.95709922 32.06 0.0 0.0 0.0
0 20.69103478 -19.29734338 9.52061292 95.95 0.0 0.0 0.0
1 22.28265284 -20.21626451 11.08412663 32.06 0.0 0.0 0.0
1 22.28265284 -20.21626451 7.95709922 32.06 0.0 0.0 0.0
0 22.28265284 -16.54058004 9.52061292 95.95 0.0 0.0 0.0
1 23.8742709 -17.45950117 11.08412663 32.06 0.0 0.0 0.0
1 23.8742709 -17.45950117 7.95709922 32.06 0.0 0.0 0.0
0 23.8742709 -13.7838167 9.52061292 95.95 0.0 0.0 0.0
1 25.46588896 -14.70273783 11.08412663 32.06 0.0 0.0 0.0
1 25.46588896 -14.70273783 7.95709922 32.06 0.0 0.0 0.0
0 25.46588896 -11.02705336 9.52061292 95.95 0.0 0.0 0.0
1 27.05750702 -11.94597449 11.08412663 32.06 0.0 0.0 0.0
1 27.05750702 -11.94597449 7.95709922 32.06 0.0 0.0 0.0
0 27.05750702 -8.27029002 9.52061292 95.95 0.0 0.0 0.0
1 28.64912508 -9.18921115 11.08412663 32.06 0.0 0.0 0.0
1 28.64912508 -9.18921115 7.95709922 32.06 0.0 0.0 0.0
0 28.64912508 -5.51352668 9.52061292 95.95 0.0 0.0 0.0
1 30.24074314 -6.43244781 11.08412663 32.06 0.0 0.0 0.0
1 30.24074314 -6.43244781 7.95709922 32.06 0.0 0.0 0.0
0 30.24074314 -2.75676334 9.52061292 95.95 0.0 0.0 0.0
1 31.8323612 -3.67568447 11.08412663 32.06 0.0 0.0 0.0
1 31.8323612 -3.67568447 7.95709922 32.06 0.0 0.0 0.0
0 31.8323612 0.0 9.52061292 95.95 0.0 0.0 0.0
1 33.42397926 -0.91892113 11.08412663 32.06 0.0 0.0 0.0
1 33.42397926 -0.91892113 7.95709922 32.06 0.0 0.0 0.0
0 33.42397926 2.75676334 9.52061292 95.95 0.0 0.0 0.0
1 35.01559732 1.83784221 11.08412663 32.06 0.0 0.0 0.0
1 35.01559732 1.83784221 7.95709922 32.06 0.0 0.0 0.0
0 35.01559732 5.51352668 9.52061292 95.95 0.0 0.0 0.0
1 36.60721538 4.59460555 11.08412663 32.06 0.0 0.0 0.0
1 36.60721538 4.59460555 7.95709922 32.06 0.0 0.0 0.0
0 36.60721538 8.27029002 9.52061292 95.95 0.0 0.0 0.0
1 38.19883344 7.35136889 11.08412663 32.06 0.0 0.0 0.0
1 38.19883344 7.35136889 7.95709922 32.06 0.0 0.0 0.0
0 38.19883344 11.02705336 9.52061292 95.95 0.0 0.0 0.0
1 39.7904515 10.10813223 11.08412663 32.06 0.0 0.0 0.0
1 39.7904515 10.10813223 7.95709922 32.06 0.0 0.0 0.0
0 39.7904515 13.7838167 9.52061292 95.95 0.0 0.0 0.0
1 41.38206956 12.86489557 11.08412663 32.06 0.0 0.0 0.0
1 41.38206956 12.86489557 7.95709922 32.06 0.0 0.0 0.0
0 17.50779866 -30.32439674 9.52061292 95.95 0.0 0.0 0.0
1 19.09941672 -31.24331787 11.08412663 32.06 0.0 0.0 0.0
1 19.09941672 -31.24331787 7.95709922 32.06 0.0 0.0 0.0
0 19.09941672 -27.5676334 9.52061292 95.95 0.0 0.0 0.0
1 20.69103478 -28.48655453 11.08412663 32.06 0.0 0.0 0.0
1 20.69103478 -28.48655453 7.95709922 32.06 0.0 0.0 0.0
0 20.69103478 -24.81087006 9.52061292 95.95 0.0 0.0 0.0
1 22.28265284 -25.72979119 11.08412663 32.06 0.0 0.0 0.0
1 22.28265284 -25.72979119 7.95709922 32.06 0.0 0.0 0.0
0 22.28265284 -22.05410672 9.52061292 95.95 0.0 0.0 0.0
1 23.8742709 -22.97302785 11.08412663 32.06 0.0 0.0 0.0
1 23.8742709 -22.97302785 7.95709922 32.06 0.0 0.0 0.0
0 23.8742709 -19.29734338 9.52061292 95.95 0.0 0.0 0.0
1 25.46588896 -20.21626451 11.08412663 32.06 0.0 0.0 0.0
1 25.46588896 -20.21626451 7.95709922 32.06 0.0 0.0 0.0
0 25.46588896 -16.54058004 9.52061292 95.95 0.0 0.0 0.0
1 27.05750702 -17.45950117 11.08412663 32.06 0.0 0.0 0.0
1 27.05750702 -17.45950117 7.95709922 32.06 0.0 0.0 0.0
0 27.05750702 -13.7838167 9.52061292 95.95 0.0 0.0 0.0
1 28.64912508 -14.70273783 11.08412663 32.06 0.0 0.0 0.0
1 28.64912508 -14.70273783 7.95709922 32.06 0.0 0.0 0.0
0 28.64912508 -11.02705336 9.52061292 95.95 0.0 0.0 0.0
1 30.24074314 -11.94597449 11.08412663 32.06 0.0 0.0 0.0
1 30.24074314 -11.94597449 7.95709922 32.06 0.0 0.0 0.0
0 30.24074314 -8.27029002 9.52061292 95.95 0.0 0.0 0.0
1 31.8323612 -9.18921115 11.08412663 32.06 0.0 0.0 0.0
1 31.8323612 -9.18921115 7.95709922 32.06 0.0 0.0 0.0
0 31.8323612 -5.51352668 9.52061292 95.95 0.0 0.0 0.0
1 33.42397926 -6.43244781 11.08412663 32.06 0.0 0.0 0.0
1 33.42397926 -6.43244781 7.95709922 32.06 0.0 0.0 0.0
0 33.42397926 -2.75676334 9.52061292 95.95 0.0 0.0 0.0
1 35.01559732 -3.67568447 11.08412663 32.06 0.0 0.0 0.0
1 35.01559732 -3.67568447 7.95709922 32.06 0.0 0.0 0.0
0 35.01559732 0.0 9.52061292 95.95 0.0 0.0 0.0
1 36.60721538 -0.91892113 11.08412663 32.06 0.0 0.0 0.0
1 36.60721538 -0.91892113 7.95709922 32.06 0.0 0.0 0.0
0 36.60721538 2.75676334 9.52061292 95.95 0.0 0.0 0.0
1 38.19883344 1.83784221 11.08412663 32.06 0.0 0.0 0.0
1 38.19883344 1.83784221 7.95709922 32.06 0.0 0.0 0.0
0 38.19883344 5.51352668 9.52061292 95.95 0.0 0.0 0.0
1 39.7904515 4.59460555 11.08412663 32.06 0.0 0.0 0.0
1 39.7904515 4.59460555 7.95709922 32.06 0.0 0.0 0.0
0 39.7904515 8.27029002 9.52061292 95.95 0.0 0.0 0.0
1 41.38206956 7.35136889 11.08412663 32.06 0.0 0.0 0.0
1 41.38206956 7.35136889 7.95709922 32.06 0.0 0.0 0.0
0 41.38206956 11.02705336 9.52061292 95.95 0.0 0.0 0.0
1 42.97368762 10.10813223 11.08412663 32.06 0.0 0.0 0.0
1 42.97368762 10.10813223 7.95709922 32.06 0.0 0.0 0.0
0 19.09941672 -33.08116008 9.52061292 95.95 0.0 0.0 0.0
1 20.69103478 -34.00008121 11.08412663 32.06 0.0 0.0 0.0
1 20.69103478 -34.00008121 7.95709922 32.06 0.0 0.0 0.0
0 20.69103478 -30.32439674 9.52061292 95.95 0.0 0.0 0.0
1 22.28265284 -31.24331787 11.08412663 32.06 0.0 0.0 0.0
1 22.28265284 -31.24331787 7.95709922 32.06 0.0 0.0 0.0
0 22.28265284 -27.5676334 9.52061292 95.95 0.0 0.0 0.0
1 23.8742709 -28.48655453 11.08412663 32.06 0.0 0.0 0.0
1 23.8742709 -28.48655453 7.95709922 32.06 0.0 0.0 0.0
0 23.8742709 -24.81087006 9.52061292 95.95 0.0 0.0 0.0
1 25.46588896 -25.72979119 11.08412663 32.06 0.0 0.0 0.0
1 25.46588896 -25.72979119 7.95709922 32.06 0.0 0.0 0.0
0 25.46588896 -22.05410672 9.52061292 95.95 0.0 0.0 0.0
1 27.05750702 -22.97302785 11.08412663 32.06 0.0 0.0 0.0
1 27.05750702 -22.97302785 7.95709922 32.06 0.0 0.0 0.0
0 27.05750702 -19.29734338 9.52061292 95.95 0.0 0.0 0.0
1 28.64912508 -20.21626451 11.08412663 32.06 0.0 0.0 0.0
1 28.64912508 -20.21626451 7.95709922 32.06 0.0 0.0 0.0
0 28.64912508 -16.54058004 9.52061292 95.95 0.0 0.0 0.0
1 30.24074314 -17.45950117 11.08412663 32.06 0.0 0.0 0.0
1 30.24074314 -17.45950117 7.95709922 32.06 0.0 0.0 0.0
0 30.24074314 -13.7838167 9.52061292 95.95 0.0 0.0 0.0
1 31.8323612 -14.70273783 11.08412663 32.06 0.0 0.0 0.0
1 31.8323612 -14.70273783 7.95709922 32.06 0.0 0.0 0.0
0 31.8323612 -11.02705336 9.52061292 95.95 0.0 0.0 0.0
1 33.42397926 -11.94597449 11.08412663 32.06 0.0 0.0 0.0
1 33.42397926 -11.94597449 7.95709922 32.06 0.0 0.0 0.0
0 33.42397926 -8.27029002 9.52061292 95.95 0.0 0.0 0.0
1 35.01559732 -9.18921115 11.08412663 32.06 0.0 0.0 0.0
1 35.01559732 -9.18921115 7.95709922 32.06 0.0 0.0 0.0
0 35.01559732 -5.51352668 9.52061292 95.95 0.0 0.0 0.0
1 36.60721538 -6.43244781 11.08412663 32.06 0.0 0.0 0.0
1 36.60721538 -6.43244781 7.95709922 32.06 0.0 0.0 0.0
0 36.60721538 -2.75676334 9.52061292 95.95 0.0 0.0 0.0
1 38.19883344 -3.67568447 11.08412663 32.06 0.0 0.0 0.0
1 38.19883344 -3.67568447 7.95709922 32.06 0.0 0.0 0.0
0 38.19883344 0.0 9.52061292 95.95 0.0 0.0 0.0
1 39.7904515 -0.91892113 11.08412663 32.06 0.0 0.0 0.0
1 39.7904515 -0.91892113 7.95709922 32.06 0.0 0.0 0.0
0 39.7904515 2.75676334 9.52061292 95.95 0.0 0.0 0.0
1 41.38206956 1.83784221 11.08412663 32.06 0.0 0.0 0.0
1 41.38206956 1.83784221 7.95709922 32.06 0.0 0.0 0.0
0 41.38206956 5.51352668 9.52061292 95.95 0.0 0.0 0.0
1 42.97368762 4.59460555 11.08412663 32.06 0.0 0.0 0.0
1 42.97368762 4.59460555 7.95709922 32.06 0.0 0.0 0.0
0 42.97368762 8.27029002 9.52061292 95.95 0.0 0.0 0.0
1 44.56530568 7.35136889 11.08412663 32.06 0.0 0.0 0.0
1 44.56530568 7.35136889 7.95709922 32.06 0.0 0.0 0.0
0 20.69103478 -35.83792342 9.52061292 95.95 0.0 0.0 0.0
1 22.28265284 -36.75684455 11.08412663 32.06 0.0 0.0 0.0
1 22.28265284 -36.75684455 7.95709922 32.06 0.0 0.0 0.0
0 22.28265284 -33.08116008 9.52061292 95.95 0.0 0.0 0.0
1 23.8742709 -34.00008121 11.08412663 32.06 0.0 0.0 0.0
1 23.8742709 -34.00008121 7.95709922 32.06 0.0 0.0 0.0
0 23.8742709 -30.32439674 9.52061292 95.95 0.0 0.0 0.0
1 25.46588896 -31.24331787 11.08412663 32.06 0.0 0.0 0.0
1 25.46588896 -31.24331787 7.95709922 32.06 0.0 0.0 0.0
0 25.46588896 -27.5676334 9.52061292 95.95 0.0 0.0 0.0
1 27.05750702 -28.48655453 11.08412663 32.06 0.0 0.0 0.0
1 27.05750702 -28.48655453 7.95709922 32.06 0.0 0.0 0.0
0 27.05750702 -24.81087006 9.52061292 95.95 0.0 0.0 0.0
1 28.64912508 -25.72979119 11.08412663 32.06 0.0 0.0 0.0
1 28.64912508 -25.72979119 7.95709922 32.06 0.0 0.0 0.0
0 28.64912508 -22.05410672 9.52061292 95.95 0.0 0.0 0.0
1 30.24074314 -22.97302785 11.08412663 32.06 0.0 0.0 0.0
1 30.24074314 -22.97302785 7.95709922 32.06 0.0 0.0 0.0
0 30.24074314 -19.29734338 9.52061292 95.95 0.0 0.0 0.0
1 31.8323612 -20.21626451 11.08412663 32.06 0.0 0.0 0.0
1 31.8323612 -20.21626451 7.95709922 32.06 0.0 0.0 0.0
0 31.8323612 -16.54058004 9.52061292 95.95 0.0 0.0 0.0
1 33.42397926 -17.45950117 11.08412663 32.06 0.0 0.0 0.0
1 33.42397926 -17.45950117 7.95709922 32.06 0.0 0.0 0.0
0 33.42397926 -13.7838167 9.52061292 95.95 0.0 0.0 0.0
1 35.01559732 -14.70273783 11.08412663 32.06 0.0 0.0 0.0
1 35.01559732 -14.70273783 7.95709922 32.06 0.0 0.0 0.0
0 35.01559732 -11.02705336 9.52061292 95.95 0.0 0.0 0.0
1 36.60721538 -11.94597449 11.08412663 32.06 0.0 0.0 0.0
1 36.60721538 -11.94597449 7.95709922 32.06 0.0 0.0 0.0
0 36.60721538 -8.27029002 9.52061292 95.95 0.0 0.0 0.0
1 38.19883344 -9.18921115 11.08412663 32.06 0.0 0.0 0.0
1 38.19883344 -9.18921115 7.95709922 32.06 0.0 0.0 0.0
0 38.19883344 -5.51352668 9.52061292 95.95 0.0 0.0 0.0
1 39.7904515 -6.43244781 11.08412663 32.06 0.0 0.0 0.0
1 39.7904515 -6.43244781 7.95709922 32.06 0.0 0.0 0.0
0 39.7904515 -2.75676334 9.52061292 95.95 0.0 0.0 0.0
1 41.38206956 -3.67568447 11.08412663 32.06 0.0 0.0 0.0
1 41.38206956 -3.67568447 7.95709922 32.06 0.0 0.0 0.0
0 41.38206956 0.0 9.52061292 95.95 0.0 0.0 0.0
1 42.97368762 -0.91892113 11.08412663 32.06 0.0 0.0 0.0
1 42.97368762 -0.91892113 7.95709922 32.06 0.0 0.0 0.0
0 42.97368762 2.75676334 9.52061292 95.95 0.0 0.0 0.0
1 44.56530568 1.83784221 11.08412663 32.06 0.0 0.0 0.0
1 44.56530568 1.83784221 7.95709922 32.06 0.0 0.0 0.0
0 44.56530568 5.51352668 9.52061292 95.95 0.0 0.0 0.0
1 46.15692374 4.59460555 11.08412663 32.06 0.0 0.0 0.0
1 46.15692374 4.59460555 7.95709922 32.06 0.0 0.0 0.0
0 22.28265284 -38.59468676 9.52061292 95.95 0.0 0.0 0.0
1 23.8742709 -39.51360789 11.08412663 32.06 0.0 0.0 0.0
1 23.8742709 -39.51360789 7.95709922 32.06 0.0 0.0 0.0
0 23.8742709 -35.83792342 9.52061292 95.95 0.0 0.0 0.0
1 25.46588896 -36.75684455 11.08412663 32.06 0.0 0.0 0.0
1 25.46588896 -36.75684455 7.95709922 32.06 0.0 0.0 0.0
0 25.46588896 -33.08116008 9.52061292 95.95 0.0 0.0 0.0
1 27.05750702 -34.00008121 11.08412663 32.06 0.0 0.0 0.0
1 27.05750702 -34.00008121 7.95709922 32.06 0.0 0.0 0.0
0 27.05750702 -30.32439674 9.52061292 95.95 0.0 0.0 0.0
1 28.64912508 -31.24331787 11.08412663 32.06 0.0 0.0 0.0
1 28.64912508 -31.24331787 7.95709922 32.06 0.0 0.0 0.0
0 28.64912508 -27.5676334 9.52061292 95.95 0.0 0.0 0.0
1 30.24074314 -28.48655453 11.08412663 32.06 0.0 0.0 0.0
1 30.24074314 -28.48655453 7.95709922 32.06 0.0 0.0 0.0
0 30.24074314 -24.81087006 9.52061292 95.95 0.0 0.0 0.0
1 31.8323612 -25.72979119 11.08412663 32.06 0.0 0.0 0.0
1 31.8323612 -25.72979119 7.95709922 32.06 0.0 0.0 0.0
0 31.8323612 -22.05410672 9.52061292 95.95 0.0 0.0 0.0
1 33.42397926 -22.97302785 11.08412663 32.06 0.0 0.0 0.0
1 33.42397926 -22.97302785 7.95709922 32.06 0.0 0.0 0.0
0 33.42397926 -19.29734338 9.52061292 95.95 0.0 0.0 0.0
1 35.01559732 -20.21626451 11.08412663 32.06 0.0 0.0 0.0
1 35.01559732 -20.21626451 7.95709922 32.06 0.0 0.0 0.0
0 35.01559732 -16.54058004 9.52061292 95.95 0.0 0.0 0.0
1 36.60721538 -17.45950117 11.08412663 32.06 0.0 0.0 0.0
1 36.60721538 -17.45950117 7.95709922 32.06 0.0 0.0 0.0
0 36.60721538 -13.7838167 9.52061292 95.95 0.0 0.0 0.0
1 38.19883344 -14.70273783 11.08412663 32.06 0.0 0.0 0.0
1 38.19883344 -14.70273783 7.95709922 32.06 0.0 0.0 0.0
0 38.19883344 -11.02705336 9.52061292 95.95 0.0 0.0 0.0
1 39.7904515 -11.94597449 11.08412663 32.06 0.0 0.0 0.0
1 39.7904515 -11.94597449 7.95709922 32.06 0.0 0.0 0.0
0 39.7904515 -8.27029002 9.52061292 95.95 0.0 0.0 0.0
1 41.38206956 -9.18921115 11.08412663 32.06 0.0 0.0 0.0
1 41.38206956 -9.18921115 7.95709922 32.06 0.0 0.0 0.0
0 41.38206956 -5.51352668 9.52061292 95.95 0.0 0.0 0.0
1 42.97368762 -6.43244781 11.08412663 32.06 0.0 0.0 0.0
1 42.97368762 -6.43244781 7.95709922 32.06 0.0 0.0 0.0
0 42.97368762 -2.75676334 9.52061292 95.95 0.0 0.0 0.0
1 44.56530568 -3.67568447 11.08412663 32.06 0.0 0.0 0.0
1 44.56530568 -3.67568447 7.95709922 32.06 0.0 0.0 0.0
0 44.56530568 0.0 9.52061292 95.95 0.0 0.0 0.0
1 46.15692374 -0.91892113 11.08412663 32.06 0.0 0.0 0.0
1 46.15692374 -0.91892113 7.95709922 32.06 0.0 0.0 0.0
0 46.15692374 2.75676334 9.52061292 95.95 0.0 0.0 0.0
1 47.7485418 1.83784221 11.08412663 32.06 0.0 0.0 0.0
1 47.7485418 1.83784221 7.95709922 32.06 0.0 0.0 0.0
0 23.8742709 -41.3514501 9.52061292 95.95 0.0 0.0 0.0
1 25.46588896 -42.27037123 11.08412663 32.06 0.0 0.0 0.0
1 25.46588896 -42.27037123 7.95709922 32.06 0.0 0.0 0.0
0 25.46588896 -38.59468676 9.52061292 95.95 0.0 0.0 0.0
1 27.05750702 -39.51360789 11.08412663 32.06 0.0 0.0 0.0
1 27.05750702 -39.51360789 7.95709922 32.06 0.0 0.0 0.0
0 27.05750702 -35.83792342 9.52061292 95.95 0.0 0.0 0.0
1 28.64912508 -36.75684455 11.08412663 32.06 0.0 0.0 0.0
1 28.64912508 -36.75684455 7.95709922 32.06 0.0 0.0 0.0
0 28.64912508 -33.08116008 9.52061292 95.95 0.0 0.0 0.0
1 30.24074314 -34.00008121 11.08412663 32.06 0.0 0.0 0.0
1 30.24074314 -34.00008121 7.95709922 32.06 0.0 0.0 0.0
0 30.24074314 -30.32439674 9.52061292 95.95 0.0 0.0 0.0
1 31.8323612 -31.24331787 11.08412663 32.06 0.0 0.0 0.0
1 31.8323612 -31.24331787 7.95709922 32.06 0.0 0.0 0.0
0 31.8323612 -27.5676334 9.52061292 95.95 0.0 0.0 0.0
1 33.42397926 -28.48655453 11.08412663 32.06 0.0 0.0 0.0
1 33.42397926 -28.48655453 7.95709922 32.06 0.0 0.0 0.0
0 33.42397926 -24.81087006 9.52061292 95.95 0.0 0.0 0.0
1 35.01559732 -25.72979119 11.08412663 32.06 0.0 0.0 0.0
1 35.01559732 -25.72979119 7.95709922 32.06 0.0 0.0 0.0
0 35.01559732 -22.05410672 9.52061292 95.95 0.0 0.0 0.0
1 36.60721538 -22.97302785 11.08412663 32.06 0.0 0.0 0.0
1 36.60721538 -22.97302785 7.95709922 32.06 0.0 0.0 0.0
0 36.60721538 -19.29734338 9.52061292 95.95 0.0 0.0 0.0
1 38.19883344 -20.21626451 11.08412663 32.06 0.0 0.0 0.0
1 38.19883344 -20.21626451 7.95709922 32.06 0.0 0.0 0.0
0 38.19883344 -16.54058004 9.52061292 95.95 0.0 0.0 0.0
1 39.7904515 -17.45950117 11.08412663 32.06 0.0 0.0 0.0
1 39.7904515 -17.45950117 7.95709922 32.06 0.0 0.0 0.0
0 39.7904515 -13.7838167 9.52061292 95.95 0.0 0.0 0.0
1 41.38206956 -14.70273783 11.08412663 32.06 0.0 0.0 0.0
1 41.38206956 -14.70273783 7.95709922 32.06 0.0 0.0 0.0
0 41.38206956 -11.02705336 9.52061292 95.95 0.0 0.0 0.0
1 42.97368762 -11.94597449 11.08412663 32.06 0.0 0.0 0.0
1 42.97368762 -11.94597449 7.95709922 32.06 0.0 0.0 0.0
0 42.97368762 -8.27029002 9.52061292 95.95 0.0 0.0 0.0
1 44.56530568 -9.18921115 11.08412663 32.06 0.0 0.0 0.0
1 44.56530568 -9.18921115 7.95709922 32.06 0.0 0.0 0.0
0 44.56530568 -5.51352668 9.52061292 95.95 0.0 0.0 0.0
1 46.15692374 -6.43244781 11.08412663 32.06 0.0 0.0 0.0
1 46.15692374 -6.43244781 7.95709922 32.06 0.0 0.0 0.0
0 46.15692374 -2.75676334 9.52061292 95.95 0.0 0.0 0.0
1 47.7485418 -3.67568447 11.08412663 32.06 0.0 0.0 0.0
1 47.7485418 -3.67568447 7.95709922 32.06 0.0 0.0 0.0
0 47.7485418 0.0 9.52061292 95.95 0.0 0.0 0.0
1 49.34015986 -0.91892113 11.08412663 32.06 0.0 0.0 0.0
1 49.34015986 -0.91892113 7.95709922 32.06 0.0 0.0 0.0