  128   128
    1    1
     12.638355566332514      0.000000000000001     -0.000000000000001
      0.000000000000001     12.638355566332512     -0.000000000000000
     -0.000000000000001     -0.000000000000000     12.638355566332514
    1    2
      0.324355353820578     -0.081599080971741     -0.081599080971741
      0.081599080971741     -0.185237610629937     -0.156268861541151
      0.081599080971741     -0.156268861541151     -0.185237610629937
    1    3
      0.000000000000000      0.000000000000000      0.000000000000000
      0.000000000000000      0.000000000000000      0.000000000000000
      0.000000000000000      0.000000000000000      0.000000000000000
    1    4
      0.324355353820578      0.081599080971741      0.081599080971741
     -0.081599080971741     -0.185237610629937     -0.156268861541151
     -0.081599080971741     -0.156268861541151     -0.185237610629937
    1    5
     -0.185237610629937      0.081599080971741     -0.156268861541151
     -0.081599080971741      0.324355353820578     -0.081599080971741
     -0.156268861541151      0.081599080971741     -0.185237610629937
    1    6
      0.005101565844404     -0.003763959657487     -0.012368979673382
     -0.003763959657487      0.005101565844404     -0.012368979673382
     -0.000060035135053     -0.000060035135053     -0.006270342232260
    1    7
      0.005101565844404      0.012368979673382      0.003763959657487
      0.000060035135053     -0.006270342232260     -0.000060035135053
      0.003763959657487     -0.012368979673382      0.005101565844404
    1    8
     -0.185237610629937      0.156268861541151     -0.081599080971741
      0.156268861541151     -0.185237610629937      0.081599080971741
      0.081599080971741     -0.081599080971741      0.324355353820578
    1    9
      0.000000000000000      0.000000000000000      0.000000000000000
      0.000000000000000      0.000000000000000      0.000000000000000
      0.000000000000000      0.000000000000000      0.000000000000000
    1   10
     -0.006270342232260      0.000060035135053     -0.000060035135053
      0.012368979673382      0.005101565844404      0.003763959657487
     -0.012368979673382      0.003763959657487      0.005101565844404
    1   11
      0.000000000000000      0.000000000000000      0.000000000000000
      0.000000000000000      0.000000000000000      0.000000000000000
      0.000000000000000      0.000000000000000      0.000000000000000
    1   12
     -0.006270342232260      0.012368979673382     -0.012368979673382
      0.000060035135053      0.005101565844404      0.003763959657487
     -0.000060035135053      0.003763959657487      0.005101565844404
    1   13
     -0.185237610629937     -0.081599080971741     -0.156268861541151
      0.081599080971741      0.324355353820578      0.081599080971741
     -0.156268861541151     -0.081599080971741     -0.185237610629937
    1   14
     -0.185237610629937      0.156268861541151      0.081599080971741
      0.156268861541151     -0.185237610629937     -0.081599080971741
     -0.081599080971741      0.081599080971741      0.324355353820578
    1   15
      0.005101565844404      0.000060035135053      0.003763959657487
      0.012368979673382     -0.006270342232260     -0.012368979673382
      0.003763959657487     -0.000060035135053      0.005101565844404
    1   16
      0.005101565844404     -0.003763959657487     -0.000060035135053
     -0.003763959657487      0.005101565844404     -0.000060035135053
     -0.012368979673382     -0.012368979673382     -0.006270342232260
    1   17
     -0.185237610629937     -0.156268861541151      0.081599080971741
     -0.156268861541151     -0.185237610629937      0.081599080971741
     -0.081599080971741     -0.081599080971741      0.324355353820578
    1   18
      0.005101565844404     -0.012368979673382     -0.003763959657487
     -0.000060035135053     -0.006270342232260     -0.000060035135053
     -0.003763959657487     -0.012368979673382      0.005101565844404
    1   19
      0.005101565844404      0.003763959657487      0.012368979673382
      0.003763959657487      0.005101565844404     -0.012368979673382
      0.000060035135053     -0.000060035135053     -0.006270342232260
    1   20
     -0.185237610629937     -0.081599080971741      0.156268861541151
      0.081599080971741      0.324355353820578     -0.081599080971741
      0.156268861541151      0.081599080971741     -0.185237610629937
    1   21
     -0.006270342232260     -0.000060035135053     -0.000060035135053
     -0.012368979673382      0.005101565844404     -0.003763959657487
     -0.012368979673382     -0.003763959657487      0.005101565844404
    1   22
      0.000000000000000      0.000000000000000      0.000000000000000
      0.000000000000000      0.000000000000000      0.000000000000000
      0.000000000000000      0.000000000000000      0.000000000000000
    1   23
     -0.006270342232260      0.000060035135053      0.000060035135053
      0.012368979673382      0.005101565844404     -0.003763959657487
      0.012368979673382     -0.003763959657487      0.005101565844404
    1   24
     -0.037842429495354     -0.000000000000000     -0.000000000000000
      0.000000000000000      0.017319844934521     -0.000000000000000
     -0.000000000000000     -0.000000000000000      0.017319844934521
    1   25
      0.005101565844404      0.003763959657487     -0.012368979673382
      0.003763959657487      0.005101565844404      0.012368979673382
     -0.000060035135053      0.000060035135053     -0.006270342232260
    1   26
      0.005101565844404      0.012368979673382     -0.003763959657487
      0.000060035135053     -0.006270342232260      0.000060035135053
     -0.003763959657487      0.012368979673382      0.005101565844404
    1   27
      0.000000000000000      0.000000000000000      0.000000000000000
      0.000000000000000      0.000000000000000      0.000000000000000
      0.000000000000000      0.000000000000000      0.000000000000000
    1   28
      0.000000000000000      0.000000000000000      0.000000000000000
      0.000000000000000      0.000000000000000      0.000000000000000
      0.000000000000000      0.000000000000000      0.000000000000000
    1   29
      0.324355353820578      0.081599080971741     -0.081599080971741
     -0.081599080971741     -0.185237610629937      0.156268861541151
      0.081599080971741      0.156268861541151     -0.185237610629937
    1   30
      0.017319844934521     -0.000000000000000     -0.000000000000000
     -0.000000000000000     -0.037842429495354     -0.000000000000000
     -0.000000000000000      0.000000000000000      0.017319844934521
    1   31
      0.000000000000000      0.000000000000000      0.000000000000000
      0.000000000000000      0.000000000000000      0.000000000000000
      0.000000000000000      0.000000000000000      0.000000000000000
    1   32
      0.017319844934521     -0.000000000000000     -0.000000000000000
     -0.000000000000000      0.017319844934521     -0.000000000000000
      0.000000000000000     -0.000000000000000     -0.037842429495354
    1   33
      0.000000000000000      0.000000000000000      0.000000000000000
      0.000000000000000      0.000000000000000      0.000000000000000
      0.000000000000000      0.000000000000000      0.000000000000000
    1   34
     -0.006270342232260     -0.000060035135053      0.000060035135053
     -0.012368979673382      0.005101565844404      0.003763959657487
      0.012368979673382      0.003763959657487      0.005101565844404
    1   35
      0.000000000000000      0.000000000000000      0.000000000000000
      0.000000000000000      0.000000000000000      0.000000000000000
      0.000000000000000      0.000000000000000      0.000000000000000
    1   36
     -0.006270342232260     -0.012368979673382      0.012368979673382
     -0.000060035135053      0.005101565844404      0.003763959657487
      0.000060035135053      0.003763959657487      0.005101565844404
    1   37
      0.005101565844404     -0.012368979673382      0.003763959657487
     -0.000060035135053     -0.006270342232260      0.000060035135053
      0.003763959657487      0.012368979673382      0.005101565844404
    1   38
      0.005101565844404     -0.003763959657487      0.012368979673382
     -0.003763959657487      0.005101565844404      0.012368979673382
      0.000060035135053      0.000060035135053     -0.006270342232260
    1   39
      0.000000000000000      0.000000000000000      0.000000000000000
      0.000000000000000      0.000000000000000      0.000000000000000
      0.000000000000000      0.000000000000000      0.000000000000000
    1   40
      0.000000000000000      0.000000000000000      0.000000000000000
      0.000000000000000      0.000000000000000      0.000000000000000
      0.000000000000000      0.000000000000000      0.000000000000000
    1   41
      0.000000000000000      0.000000000000000      0.000000000000000
      0.000000000000000      0.000000000000000      0.000000000000000
      0.000000000000000      0.000000000000000      0.000000000000000
    1   42
      0.000000000000000      0.000000000000000      0.000000000000000
      0.000000000000000      0.000000000000000      0.000000000000000
      0.000000000000000      0.000000000000000      0.000000000000000
    1   43
      0.000000000000000      0.000000000000000      0.000000000000000
      0.000000000000000      0.000000000000000      0.000000000000000
      0.000000000000000      0.000000000000000      0.000000000000000
    1   44
      0.000000000000000      0.000000000000000      0.000000000000000
      0.000000000000000      0.000000000000000      0.000000000000000
      0.000000000000000      0.000000000000000      0.000000000000000
    1   45
      0.005101565844404     -0.000060035135053      0.003763959657487
     -0.012368979673382     -0.006270342232260      0.012368979673382
      0.003763959657487      0.000060035135053      0.005101565844404
    1   46
      0.000000000000000      0.000000000000000      0.000000000000000
      0.000000000000000      0.000000000000000      0.000000000000000
      0.000000000000000      0.000000000000000      0.000000000000000
    1   47
      0.000000000000000      0.000000000000000      0.000000000000000
      0.000000000000000      0.000000000000000      0.000000000000000
      0.000000000000000      0.000000000000000      0.000000000000000
    1   48
      0.005101565844404     -0.003763959657487      0.000060035135053
     -0.003763959657487      0.005101565844404      0.000060035135053
      0.012368979673382      0.012368979673382     -0.006270342232260
    1   49
     -0.185237610629937     -0.156268861541151     -0.081599080971741
     -0.156268861541151     -0.185237610629937     -0.081599080971741
      0.081599080971741      0.081599080971741      0.324355353820578
    1   50
     -0.185237610629937      0.081599080971741      0.156268861541151
     -0.081599080971741      0.324355353820578      0.081599080971741
      0.156268861541151     -0.081599080971741     -0.185237610629937
    1   51
      0.005101565844404      0.003763959657487      0.000060035135053
      0.003763959657487      0.005101565844404     -0.000060035135053
      0.012368979673382     -0.012368979673382     -0.006270342232260
    1   52
      0.005101565844404     -0.000060035135053     -0.003763959657487
     -0.012368979673382     -0.006270342232260     -0.012368979673382
     -0.003763959657487     -0.000060035135053      0.005101565844404
    1   53
      0.324355353820578     -0.081599080971741      0.081599080971741
      0.081599080971741     -0.185237610629937      0.156268861541151
     -0.081599080971741      0.156268861541151     -0.185237610629937
    1   54
      0.017319844934521     -0.000000000000000      0.000000000000000
     -0.000000000000000      0.017319844934521     -0.000000000000000
     -0.000000000000000     -0.000000000000000     -0.037842429495354
    1   55
      0.000000000000000      0.000000000000000      0.000000000000000
      0.000000000000000      0.000000000000000      0.000000000000000
      0.000000000000000      0.000000000000000      0.000000000000000
    1   56
      0.017319844934521     -0.000000000000000     -0.000000000000000
     -0.000000000000000     -0.037842429495354      0.000000000000000
     -0.000000000000000     -0.000000000000000      0.017319844934521
    1   57
      0.005101565844404      0.003763959657487     -0.000060035135053
      0.003763959657487      0.005101565844404      0.000060035135053
     -0.012368979673382      0.012368979673382     -0.006270342232260
    1   58
      0.000000000000000      0.000000000000000      0.000000000000000
      0.000000000000000      0.000000000000000      0.000000000000000
      0.000000000000000      0.000000000000000      0.000000000000000
    1   59
      0.000000000000000      0.000000000000000      0.000000000000000
      0.000000000000000      0.000000000000000      0.000000000000000
      0.000000000000000      0.000000000000000      0.000000000000000
    1   60
      0.005101565844404      0.000060035135053     -0.003763959657487
      0.012368979673382     -0.006270342232260      0.012368979673382
     -0.003763959657487      0.000060035135053      0.005101565844404
    1   61
     -0.006270342232260     -0.012368979673382     -0.012368979673382
     -0.000060035135053      0.005101565844404     -0.003763959657487
     -0.000060035135053     -0.003763959657487      0.005101565844404
    1   62
     -0.037842429495354      0.000000000000000     -0.000000000000000
     -0.000000000000000      0.017319844934521     -0.000000000000000
     -0.000000000000000     -0.000000000000000      0.017319844934521
    1   63
     -0.006270342232260      0.012368979673382      0.012368979673382
      0.000060035135053      0.005101565844404     -0.003763959657487
      0.000060035135053     -0.003763959657487      0.005101565844404
    1   64
      0.000000000000000      0.000000000000000      0.000000000000000
      0.000000000000000      0.000000000000000      0.000000000000000
      0.000000000000000      0.000000000000000      0.000000000000000
    1   65
     -3.088859573891787     -2.143583350800772     -2.143583350800772
     -2.143583350800772     -3.088859573891788     -2.143583350800772
     -2.143583350800772     -2.143583350800772     -3.088859573891788
    1   66
     -3.088859573891788      2.143583350800772      2.143583350800772
      2.143583350800772     -3.088859573891787     -2.143583350800772
      2.143583350800772     -2.143583350800772     -3.088859573891788
    1   67
     -0.017763239433174     -0.031806833139502     -0.031806833139502
     -0.031806833139502     -0.025688738871053     -0.027842950833732
     -0.031806833139502     -0.027842950833732     -0.025688738871053
    1   68
     -0.017763239433174      0.031806833139502      0.031806833139502
      0.031806833139502     -0.025688738871053     -0.027842950833732
      0.031806833139502     -0.027842950833732     -0.025688738871053
    1   69
     -3.088859573891788      2.143583350800772     -2.143583350800772
      2.143583350800772     -3.088859573891787      2.143583350800772
     -2.143583350800772      2.143583350800772     -3.088859573891788
    1   70
      0.016678617937133     -0.026390377083536      0.012037356036878
     -0.026390377083536      0.016678617937133      0.012037356036878
      0.012037356036878      0.012037356036878      0.004909821949028
    1   71
      0.000000000000000      0.000000000000000      0.000000000000000
      0.000000000000000      0.000000000000000      0.000000000000000
      0.000000000000000      0.000000000000000      0.000000000000000
    1   72
      0.016678617937133     -0.012037356036878      0.026390377083536
     -0.012037356036878      0.004909821949028      0.012037356036878
      0.026390377083536      0.012037356036878      0.016678617937133
    1   73
     -0.025688738871053     -0.031806833139502     -0.027842950833732
     -0.031806833139502     -0.017763239433174     -0.031806833139502
     -0.027842950833732     -0.031806833139502     -0.025688738871053
    1   74
      0.000000000000000      0.000000000000000      0.000000000000000
      0.000000000000000      0.000000000000000      0.000000000000000
      0.000000000000000      0.000000000000000      0.000000000000000
    1   75
      0.000000000000000      0.000000000000000      0.000000000000000
      0.000000000000000      0.000000000000000      0.000000000000000
      0.000000000000000      0.000000000000000      0.000000000000000
    1   76
     -0.025688738871053      0.027842950833732      0.031806833139502
      0.027842950833732     -0.025688738871053     -0.031806833139502
      0.031806833139502     -0.031806833139502     -0.017763239433174
    1   77
     -0.025688738871053      0.031806833139502     -0.027842950833732
      0.031806833139502     -0.017763239433174      0.031806833139502
     -0.027842950833732      0.031806833139502     -0.025688738871053
    1   78
      0.004909821949028     -0.012037356036878      0.012037356036878
     -0.012037356036878      0.016678617937133      0.026390377083536
      0.012037356036878      0.026390377083536      0.016678617937133
    1   79
     -0.025688738871053      0.027842950833732     -0.031806833139502
      0.027842950833732     -0.025688738871053      0.031806833139502
     -0.031806833139502      0.031806833139502     -0.017763239433174
    1   80
      0.000000000000000      0.000000000000000      0.000000000000000
      0.000000000000000      0.000000000000000      0.000000000000000
      0.000000000000000      0.000000000000000      0.000000000000000
    1   81
     -3.088859573891787     -2.143583350800772      2.143583350800772
     -2.143583350800772     -3.088859573891788      2.143583350800772
      2.143583350800772      2.143583350800772     -3.088859573891788
    1   82
      0.016678617937133      0.012037356036878     -0.026390377083536
      0.012037356036878      0.004909821949028      0.012037356036878
     -0.026390377083536      0.012037356036878      0.016678617937133
    1   83
      0.000000000000000      0.000000000000000      0.000000000000000
      0.000000000000000      0.000000000000000      0.000000000000000
      0.000000000000000      0.000000000000000      0.000000000000000
    1   84
      0.016678617937133      0.026390377083536     -0.012037356036878
      0.026390377083536      0.016678617937133      0.012037356036878
     -0.012037356036878      0.012037356036878      0.004909821949028
    1   85
      0.004909821949028      0.012037356036878      0.012037356036878
      0.012037356036878      0.016678617937133     -0.026390377083536
      0.012037356036878     -0.026390377083536      0.016678617937133
    1   86
      0.000000000000000      0.000000000000000      0.000000000000000
      0.000000000000000      0.000000000000000      0.000000000000000
      0.000000000000000      0.000000000000000      0.000000000000000
    1   87
      0.000000000000000      0.000000000000000      0.000000000000000
      0.000000000000000      0.000000000000000      0.000000000000000
      0.000000000000000      0.000000000000000      0.000000000000000
    1   88
      0.004909821949028     -0.012037356036878     -0.012037356036878
     -0.012037356036878      0.016678617937133     -0.026390377083536
     -0.012037356036878     -0.026390377083536      0.016678617937133
    1   89
      0.000000000000000      0.000000000000000      0.000000000000000
      0.000000000000000      0.000000000000000      0.000000000000000
      0.000000000000000      0.000000000000000      0.000000000000000
    1   90
      0.000000000000000      0.000000000000000      0.000000000000000
      0.000000000000000      0.000000000000000      0.000000000000000
      0.000000000000000      0.000000000000000      0.000000000000000
    1   91
      0.000000000000000      0.000000000000000      0.000000000000000
      0.000000000000000      0.000000000000000      0.000000000000000
      0.000000000000000      0.000000000000000      0.000000000000000
    1   92
      0.000000000000000      0.000000000000000      0.000000000000000
      0.000000000000000      0.000000000000000      0.000000000000000
      0.000000000000000      0.000000000000000      0.000000000000000
    1   93
      0.016678617937133      0.026390377083536      0.012037356036878
      0.026390377083536      0.016678617937133     -0.012037356036878
      0.012037356036878     -0.012037356036878      0.004909821949028
    1   94
      0.016678617937133     -0.012037356036878     -0.026390377083536
     -0.012037356036878      0.004909821949028     -0.012037356036878
     -0.026390377083536     -0.012037356036878      0.016678617937133
    1   95
      0.000000000000000      0.000000000000000      0.000000000000000
      0.000000000000000      0.000000000000000      0.000000000000000
      0.000000000000000      0.000000000000000      0.000000000000000
    1   96
      0.000000000000000      0.000000000000000      0.000000000000000
      0.000000000000000      0.000000000000000      0.000000000000000
      0.000000000000000      0.000000000000000      0.000000000000000
    1   97
     -0.025688738871053     -0.027842950833732     -0.031806833139502
     -0.027842950833732     -0.025688738871053     -0.031806833139502
     -0.031806833139502     -0.031806833139502     -0.017763239433174
    1   98
      0.000000000000000      0.000000000000000      0.000000000000000
      0.000000000000000      0.000000000000000      0.000000000000000
      0.000000000000000      0.000000000000000      0.000000000000000
    1   99
      0.000000000000000      0.000000000000000      0.000000000000000
      0.000000000000000      0.000000000000000      0.000000000000000
      0.000000000000000      0.000000000000000      0.000000000000000
    1  100
     -0.025688738871053      0.031806833139502      0.027842950833732
      0.031806833139502     -0.017763239433174     -0.031806833139502
      0.027842950833732     -0.031806833139502     -0.025688738871053
    1  101
      0.000000000000000      0.000000000000000      0.000000000000000
      0.000000000000000      0.000000000000000      0.000000000000000
      0.000000000000000      0.000000000000000      0.000000000000000
    1  102
      0.000000000000000      0.000000000000000      0.000000000000000
      0.000000000000000      0.000000000000000      0.000000000000000
      0.000000000000000      0.000000000000000      0.000000000000000
    1  103
      0.000000000000000      0.000000000000000      0.000000000000000
      0.000000000000000      0.000000000000000      0.000000000000000
      0.000000000000000      0.000000000000000      0.000000000000000
    1  104
      0.000000000000000      0.000000000000000      0.000000000000000
      0.000000000000000      0.000000000000000      0.000000000000000
      0.000000000000000      0.000000000000000      0.000000000000000
    1  105
      0.000000000000000      0.000000000000000      0.000000000000000
      0.000000000000000      0.000000000000000      0.000000000000000
      0.000000000000000      0.000000000000000      0.000000000000000
    1  106
      0.000000000000000      0.000000000000000      0.000000000000000
      0.000000000000000      0.000000000000000      0.000000000000000
      0.000000000000000      0.000000000000000      0.000000000000000
    1  107
      0.000000000000000      0.000000000000000      0.000000000000000
      0.000000000000000      0.000000000000000      0.000000000000000
      0.000000000000000      0.000000000000000      0.000000000000000
    1  108
      0.000000000000000      0.000000000000000      0.000000000000000
      0.000000000000000      0.000000000000000      0.000000000000000
      0.000000000000000      0.000000000000000      0.000000000000000
    1  109
     -0.017763239433174      0.031806833139502     -0.031806833139502
      0.031806833139502     -0.025688738871053      0.027842950833732
     -0.031806833139502      0.027842950833732     -0.025688738871053
    1  110
      0.000000000000000      0.000000000000000      0.000000000000000
      0.000000000000000      0.000000000000000      0.000000000000000
      0.000000000000000      0.000000000000000      0.000000000000000
    1  111
      0.000000000000000      0.000000000000000      0.000000000000000
      0.000000000000000      0.000000000000000      0.000000000000000
      0.000000000000000      0.000000000000000      0.000000000000000
    1  112
      0.000000000000000      0.000000000000000      0.000000000000000
      0.000000000000000      0.000000000000000      0.000000000000000
      0.000000000000000      0.000000000000000      0.000000000000000
    1  113
     -0.025688738871053     -0.027842950833732      0.031806833139502
     -0.027842950833732     -0.025688738871053      0.031806833139502
      0.031806833139502      0.031806833139502     -0.017763239433174
    1  114
      0.004909821949028      0.012037356036878     -0.012037356036878
      0.012037356036878      0.016678617937133      0.026390377083536
     -0.012037356036878      0.026390377083536      0.016678617937133
    1  115
     -0.025688738871053     -0.031806833139502      0.027842950833732
     -0.031806833139502     -0.017763239433174      0.031806833139502
      0.027842950833732      0.031806833139502     -0.025688738871053
    1  116
      0.000000000000000      0.000000000000000      0.000000000000000
      0.000000000000000      0.000000000000000      0.000000000000000
      0.000000000000000      0.000000000000000      0.000000000000000
    1  117
      0.016678617937133      0.012037356036878      0.026390377083536
      0.012037356036878      0.004909821949028     -0.012037356036878
      0.026390377083536     -0.012037356036878      0.016678617937133
    1  118
      0.016678617937133     -0.026390377083536     -0.012037356036878
     -0.026390377083536      0.016678617937133     -0.012037356036878
     -0.012037356036878     -0.012037356036878      0.004909821949028
    1  119
      0.000000000000000      0.000000000000000      0.000000000000000
      0.000000000000000      0.000000000000000      0.000000000000000
      0.000000000000000      0.000000000000000      0.000000000000000
    1  120
      0.000000000000000      0.000000000000000      0.000000000000000
      0.000000000000000      0.000000000000000      0.000000000000000
      0.000000000000000      0.000000000000000      0.000000000000000
    1  121
     -0.017763239433174     -0.031806833139502      0.031806833139502
     -0.031806833139502     -0.025688738871053      0.027842950833732
      0.031806833139502      0.027842950833732     -0.025688738871053
    1  122
      0.000000000000000      0.000000000000000      0.000000000000000
      0.000000000000000      0.000000000000000      0.000000000000000
      0.000000000000000      0.000000000000000      0.000000000000000
    1  123
      0.000000000000000      0.000000000000000      0.000000000000000
      0.000000000000000      0.000000000000000      0.000000000000000
      0.000000000000000      0.000000000000000      0.000000000000000
    1  124
      0.000000000000000      0.000000000000000      0.000000000000000
      0.000000000000000      0.000000000000000      0.000000000000000
      0.000000000000000      0.000000000000000      0.000000000000000
    1  125
      0.000000000000000      0.000000000000000      0.000000000000000
      0.000000000000000      0.000000000000000      0.000000000000000
      0.000000000000000      0.000000000000000      0.000000000000000
    1  126
      0.000000000000000      0.000000000000000      0.000000000000000
      0.000000000000000      0.000000000000000      0.000000000000000
      0.000000000000000      0.000000000000000      0.000000000000000
    1  127
      0.000000000000000      0.000000000000000      0.000000000000000
      0.000000000000000      0.000000000000000      0.000000000000000
      0.000000000000000      0.000000000000000      0.000000000000000
    1  128
      0.000000000000000      0.000000000000000      0.000000000000000
      0.000000000000000      0.000000000000000      0.000000000000000
      0.000000000000000      0.000000000000000      0.000000000000000
    2    1
      0.324355353820578      0.081599080971741      0.081599080971741
     -0.081599080971741     -0.185237610629937     -0.156268861541151
     -0.081599080971741     -0.156268861541151     -0.185237610629937
    2    2
     12.638355566332514      0.000000000000001     -0.000000000000001
      0.000000000000001     12.638355566332512     -0.000000000000000
     -0.000000000000001     -0.000000000000000     12.638355566332514
    2    3
      0.324355353820578     -0.081599080971741     -0.081599080971741
      0.081599080971741     -0.185237610629937     -0.156268861541151
      0.081599080971741     -0.156268861541151     -0.185237610629937
    2    4
      0.000000000000000      0.000000000000000      0.000000000000000
      0.000000000000000      0.000000000000000      0.000000000000000
      0.000000000000000      0.000000000000000      0.000000000000000
    2    5
     -0.185237610629937      0.156268861541151     -0.081599080971741
      0.156268861541151     -0.185237610629937      0.081599080971741
      0.081599080971741     -0.081599080971741      0.324355353820578
    2    6
     -0.185237610629937      0.081599080971741     -0.156268861541151
     -0.081599080971741      0.324355353820578     -0.081599080971741
     -0.156268861541151      0.081599080971741     -0.185237610629937
    2    7
      0.005101565844404     -0.003763959657487     -0.012368979673382
     -0.003763959657487      0.005101565844404     -0.012368979673382
     -0.000060035135053     -0.000060035135053     -0.006270342232260
    2    8
      0.005101565844404      0.012368979673382      0.003763959657487
      0.000060035135053     -0.006270342232260     -0.000060035135053
      0.003763959657487     -0.012368979673382      0.005101565844404
    2    9
     -0.006270342232260      0.012368979673382     -0.012368979673382
      0.000060035135053      0.005101565844404      0.003763959657487
     -0.000060035135053      0.003763959657487      0.005101565844404
    2   10
      0.000000000000000      0.000000000000000      0.000000000000000
      0.000000000000000      0.000000000000000      0.000000000000000
      0.000000000000000      0.000000000000000      0.000000000000000
    2   11
     -0.006270342232260      0.000060035135053     -0.000060035135053
      0.012368979673382      0.005101565844404      0.003763959657487
     -0.012368979673382      0.003763959657487      0.005101565844404
    2   12
      0.000000000000000      0.000000000000000      0.000000000000000
      0.000000000000000      0.000000000000000      0.000000000000000
      0.000000000000000      0.000000000000000      0.000000000000000
    2   13
      0.005101565844404     -0.003763959657487     -0.000060035135053
     -0.003763959657487      0.005101565844404     -0.000060035135053
     -0.012368979673382     -0.012368979673382     -0.006270342232260
    2   14
     -0.185237610629937     -0.081599080971741     -0.156268861541151
      0.081599080971741      0.324355353820578      0.081599080971741
     -0.156268861541151     -0.081599080971741     -0.185237610629937
    2   15
     -0.185237610629937      0.156268861541151      0.081599080971741
      0.156268861541151     -0.185237610629937     -0.081599080971741
     -0.081599080971741      0.081599080971741      0.324355353820578
    2   16
      0.005101565844404      0.000060035135053      0.003763959657487
      0.012368979673382     -0.006270342232260     -0.012368979673382
      0.003763959657487     -0.000060035135053      0.005101565844404
    2   17
     -0.185237610629937     -0.081599080971741      0.156268861541151
      0.081599080971741      0.324355353820578     -0.081599080971741
      0.156268861541151      0.081599080971741     -0.185237610629937
    2   18
     -0.185237610629937     -0.156268861541151      0.081599080971741
     -0.156268861541151     -0.185237610629937      0.081599080971741
     -0.081599080971741     -0.081599080971741      0.324355353820578
    2   19
      0.005101565844404     -0.012368979673382     -0.003763959657487
     -0.000060035135053     -0.006270342232260     -0.000060035135053
     -0.003763959657487     -0.012368979673382      0.005101565844404
    2   20
      0.005101565844404      0.003763959657487      0.012368979673382
      0.003763959657487      0.005101565844404     -0.012368979673382
      0.000060035135053     -0.000060035135053     -0.006270342232260
    2   21
     -0.037842429495354     -0.000000000000000     -0.000000000000000
      0.000000000000000      0.017319844934521     -0.000000000000000
     -0.000000000000000     -0.000000000000000      0.017319844934521
    2   22
     -0.006270342232260     -0.000060035135053     -0.000060035135053
     -0.012368979673382      0.005101565844404     -0.003763959657487
     -0.012368979673382     -0.003763959657487      0.005101565844404
    2   23
      0.000000000000000      0.000000000000000      0.000000000000000
      0.000000000000000      0.000000000000000      0.000000000000000
      0.000000000000000      0.000000000000000      0.000000000000000
    2   24
     -0.006270342232260      0.000060035135053      0.000060035135053
      0.012368979673382      0.005101565844404     -0.003763959657487
      0.012368979673382     -0.003763959657487      0.005101565844404
    2   25
      0.000000000000000      0.000000000000000      0.000000000000000
      0.000000000000000      0.000000000000000      0.000000000000000
      0.000000000000000      0.000000000000000      0.000000000000000
    2   26
      0.005101565844404      0.003763959657487     -0.012368979673382
      0.003763959657487      0.005101565844404      0.012368979673382
     -0.000060035135053      0.000060035135053     -0.006270342232260
    2   27
      0.005101565844404      0.012368979673382     -0.003763959657487
      0.000060035135053     -0.006270342232260      0.000060035135053
     -0.003763959657487      0.012368979673382      0.005101565844404
    2   28
      0.000000000000000      0.000000000000000      0.000000000000000
      0.000000000000000      0.000000000000000      0.000000000000000
      0.000000000000000      0.000000000000000      0.000000000000000
    2   29
      0.017319844934521     -0.000000000000000     -0.000000000000000
     -0.000000000000000      0.017319844934521     -0.000000000000000
      0.000000000000000     -0.000000000000000     -0.037842429495354
    2   30
      0.324355353820578      0.081599080971741     -0.081599080971741
     -0.081599080971741     -0.185237610629937      0.156268861541151
      0.081599080971741      0.156268861541151     -0.185237610629937
    2   31
      0.017319844934521     -0.000000000000000     -0.000000000000000
     -0.000000000000000     -0.037842429495354     -0.000000000000000
     -0.000000000000000      0.000000000000000      0.017319844934521
    2   32
      0.000000000000000      0.000000000000000      0.000000000000000
      0.000000000000000      0.000000000000000      0.000000000000000
      0.000000000000000      0.000000000000000      0.000000000000000
    2   33
     -0.006270342232260     -0.012368979673382      0.012368979673382
     -0.000060035135053      0.005101565844404      0.003763959657487
      0.000060035135053      0.003763959657487      0.005101565844404
    2   34
      0.000000000000000      0.000000000000000      0.000000000000000
      0.000000000000000      0.000000000000000      0.000000000000000
      0.000000000000000      0.000000000000000      0.000000000000000
    2   35
     -0.006270342232260     -0.000060035135053      0.000060035135053
     -0.012368979673382      0.005101565844404      0.003763959657487
      0.012368979673382      0.003763959657487      0.005101565844404
    2   36
      0.000000000000000      0.000000000000000      0.000000000000000
      0.000000000000000      0.000000000000000      0.000000000000000
      0.000000000000000      0.000000000000000      0.000000000000000
    2   37
      0.000000000000000      0.000000000000000      0.000000000000000
      0.000000000000000      0.000000000000000      0.000000000000000
      0.000000000000000      0.000000000000000      0.000000000000000
    2   38
      0.005101565844404     -0.012368979673382      0.003763959657487
     -0.000060035135053     -0.006270342232260      0.000060035135053
      0.003763959657487      0.012368979673382      0.005101565844404
    2   39
      0.005101565844404     -0.003763959657487      0.012368979673382
     -0.003763959657487      0.005101565844404      0.012368979673382
      0.000060035135053      0.000060035135053     -0.006270342232260
    2   40
      0.000000000000000      0.000000000000000      0.000000000000000
      0.000000000000000      0.000000000000000      0.000000000000000
      0.000000000000000      0.000000000000000      0.000000000000000
    2   41
      0.000000000000000      0.000000000000000      0.000000000000000
      0.000000000000000      0.000000000000000      0.000000000000000
      0.000000000000000      0.000000000000000      0.000000000000000
    2   42
      0.000000000000000      0.000000000000000      0.000000000000000
      0.000000000000000      0.000000000000000      0.000000000000000
      0.000000000000000      0.000000000000000      0.000000000000000
    2   43
      0.000000000000000      0.000000000000000      0.000000000000000
      0.000000000000000      0.000000000000000      0.000000000000000
      0.000000000000000      0.000000000000000      0.000000000000000
    2   44
      0.000000000000000      0.000000000000000      0.000000000000000
      0.000000000000000      0.000000000000000      0.000000000000000
      0.000000000000000      0.000000000000000      0.000000000000000
    2   45
      0.005101565844404     -0.003763959657487      0.000060035135053
     -0.003763959657487      0.005101565844404      0.000060035135053
      0.012368979673382      0.012368979673382     -0.006270342232260
    2   46
      0.005101565844404     -0.000060035135053      0.003763959657487
     -0.012368979673382     -0.006270342232260      0.012368979673382
      0.003763959657487      0.000060035135053      0.005101565844404
    2   47
      0.000000000000000      0.000000000000000      0.000000000000000
      0.000000000000000      0.000000000000000      0.000000000000000
      0.000000000000000      0.000000000000000      0.000000000000000
    2   48
      0.000000000000000      0.000000000000000      0.000000000000000
      0.000000000000000      0.000000000000000      0.000000000000000
      0.000000000000000      0.000000000000000      0.000000000000000
    2   49
      0.005101565844404     -0.000060035135053     -0.003763959657487
     -0.012368979673382     -0.006270342232260     -0.012368979673382
     -0.003763959657487     -0.000060035135053      0.005101565844404
    2   50
     -0.185237610629937     -0.156268861541151     -0.081599080971741
     -0.156268861541151     -0.185237610629937     -0.081599080971741
      0.081599080971741      0.081599080971741      0.324355353820578
    2   51
     -0.185237610629937      0.081599080971741      0.156268861541151
     -0.081599080971741      0.324355353820578      0.081599080971741
      0.156268861541151     -0.081599080971741     -0.185237610629937
    2   52
      0.005101565844404      0.003763959657487      0.000060035135053
      0.003763959657487      0.005101565844404     -0.000060035135053
      0.012368979673382     -0.012368979673382     -0.006270342232260
    2   53
      0.017319844934521     -0.000000000000000     -0.000000000000000
     -0.000000000000000     -0.037842429495354      0.000000000000000
