  128   128
    1    1
     12.651968263201885      0.000000000000001     -0.000000000000001
      0.000000000000001     12.651968263201884     -0.000000000000000
     -0.000000000000001     -0.000000000000000     12.651968263201885
    1    2
      0.320826712259651     -0.062885987207369     -0.062885987207369
      0.062885987207369     -0.196071451197520     -0.161424921469670
      0.062885987207369     -0.161424921469670     -0.196071451197520
    1    3
      0.000000000000000      0.000000000000000      0.000000000000000
      0.000000000000000      0.000000000000000      0.000000000000000
      0.000000000000000      0.000000000000000      0.000000000000000
    1    4
      0.320826712259651      0.062885987207369      0.062885987207369
     -0.062885987207369     -0.196071451197520     -0.161424921469670
     -0.062885987207369     -0.161424921469670     -0.196071451197520
    1    5
     -0.196071451197520      0.062885987207369     -0.161424921469670
     -0.062885987207369      0.320826712259651     -0.062885987207369
     -0.161424921469670      0.062885987207369     -0.196071451197520
    1    6
      0.001800807720974     -0.003152268174681     -0.012672787311534
     -0.003152268174681      0.001800807720974     -0.012672787311534
     -0.001561074260064     -0.001561074260064     -0.008519707025380
    1    7
      0.001800807720974      0.012672787311534      0.003152268174681
      0.001561074260064     -0.008519707025380     -0.001561074260064
      0.003152268174681     -0.012672787311534      0.001800807720974
    1    8
     -0.196071451197520      0.161424921469670     -0.062885987207369
      0.161424921469670     -0.196071451197520      0.062885987207369
      0.062885987207369     -0.062885987207369      0.320826712259651
    1    9
      0.000000000000000      0.000000000000000      0.000000000000000
      0.000000000000000      0.000000000000000      0.000000000000000
      0.000000000000000      0.000000000000000      0.000000000000000
    1   10
     -0.008519707025380      0.001561074260064     -0.001561074260064
      0.012672787311534      0.001800807720974      0.003152268174681
     -0.012672787311534      0.003152268174681      0.001800807720974
    1   11
      0.000000000000000      0.000000000000000      0.000000000000000
      0.000000000000000      0.000000000000000      0.000000000000000
      0.000000000000000      0.000000000000000      0.000000000000000
    1   12
     -0.008519707025380      0.012672787311534     -0.012672787311534
      0.001561074260064      0.001800807720974      0.003152268174681
     -0.001561074260064      0.003152268174681      0.001800807720974
    1   13
     -0.196071451197520     -0.062885987207369     -0.161424921469670
      0.062885987207369      0.320826712259651      0.062885987207369
     -0.161424921469670     -0.062885987207369     -0.196071451197520
    1   14
     -0.196071451197520      0.161424921469670      0.062885987207369
      0.161424921469670     -0.196071451197520     -0.062885987207369
     -0.062885987207369      0.062885987207369      0.320826712259651
    1   15
      0.001800807720974      0.001561074260064      0.003152268174681
      0.012672787311534     -0.008519707025380     -0.012672787311534
      0.003152268174681     -0.001561074260064      0.001800807720974
    1   16
      0.001800807720974     -0.003152268174681     -0.001561074260064
     -0.003152268174681      0.001800807720974     -0.001561074260064
     -0.012672787311534     -0.012672787311534     -0.008519707025380
    1   17
     -0.196071451197520     -0.161424921469670      0.062885987207369
     -0.161424921469670     -0.196071451197520      0.062885987207369
     -0.062885987207369     -0.062885987207369      0.320826712259651
    1   18
      0.001800807720974     -0.012672787311534     -0.003152268174681
     -0.001561074260064     -0.008519707025380     -0.001561074260064
     -0.003152268174681     -0.012672787311534      0.001800807720974
    1   19
      0.001800807720974      0.003152268174681      0.012672787311534
      0.003152268174681      0.001800807720974     -0.012672787311534
      0.001561074260064     -0.001561074260064     -0.008519707025380
    1   20
     -0.196071451197520     -0.062885987207369      0.161424921469670
      0.062885987207369      0.320826712259651     -0.062885987207369
      0.161424921469670      0.062885987207369     -0.196071451197520
    1   21
     -0.008519707025380     -0.001561074260064     -0.001561074260064
     -0.012672787311534      0.001800807720974     -0.003152268174681
     -0.012672787311534     -0.003152268174681      0.001800807720974
    1   22
      0.000000000000000      0.000000000000000      0.000000000000000
      0.000000000000000      0.000000000000000      0.000000000000000
      0.000000000000000      0.000000000000000      0.000000000000000
    1   23
     -0.008519707025380      0.001561074260064      0.001561074260064
      0.012672787311534      0.001800807720974     -0.003152268174681
      0.012672787311534     -0.003152268174681      0.001800807720974
    1   24
     -0.039564301480918     -0.000000000000000     -0.000000000000000
      0.000000000000000      0.017312415421000     -0.000000000000000
     -0.000000000000000     -0.000000000000000      0.017312415421000
    1   25
      0.001800807720974      0.003152268174681     -0.012672787311534
      0.003152268174681      0.001800807720974      0.012672787311534
     -0.001561074260064      0.001561074260064     -0.008519707025380
    1   26
      0.001800807720974      0.012672787311534     -0.003152268174681
      0.001561074260064     -0.008519707025380      0.001561074260064
     -0.003152268174681      0.012672787311534      0.001800807720974
    1   27
      0.000000000000000      0.000000000000000      0.000000000000000
      0.000000000000000      0.000000000000000      0.000000000000000
      0.000000000000000      0.000000000000000      0.000000000000000
    1   28
      0.000000000000000      0.000000000000000      0.000000000000000
      0.000000000000000      0.000000000000000      0.000000000000000
      0.000000000000000      0.000000000000000      0.000000000000000
    1   29
      0.320826712259651      0.062885987207369     -0.062885987207369
     -0.062885987207369     -0.196071451197520      0.161424921469670
      0.062885987207369      0.161424921469670     -0.196071451197520
    1   30
      0.017312415421000     -0.000000000000000     -0.000000000000000
     -0.000000000000000     -0.039564301480918     -0.000000000000000
     -0.000000000000000      0.000000000000000      0.017312415421000
    1   31
      0.000000000000000      0.000000000000000      0.000000000000000
      0.000000000000000      0.000000000000000      0.000000000000000
      0.000000000000000      0.000000000000000      0.000000000000000
    1   32
      0.017312415421000     -0.000000000000000     -0.000000000000000
     -0.000000000000000      0.017312415421000     -0.000000000000000
      0.000000000000000     -0.000000000000000     -0.039564301480918
    1   33
      0.000000000000000      0.000000000000000      0.000000000000000
      0.000000000000000      0.000000000000000      0.000000000000000
      0.000000000000000      0.000000000000000      0.000000000000000
    1   34
     -0.008519707025380     -0.001561074260064      0.001561074260064
     -0.012672787311534      0.001800807720974      0.003152268174681
      0.012672787311534      0.003152268174681      0.001800807720974
    1   35
      0.000000000000000      0.000000000000000      0.000000000000000
      0.000000000000000      0.000000000000000      0.000000000000000
      0.000000000000000      0.000000000000000      0.000000000000000
    1   36
     -0.008519707025380     -0.012672787311534      0.012672787311534
     -0.001561074260064      0.001800807720974      0.003152268174681
      0.001561074260064      0.003152268174681      0.001800807720974
    1   37
      0.001800807720974     -0.012672787311534      0.003152268174681
     -0.001561074260064     -0.008519707025380      0.001561074260064
      0.003152268174681      0.012672787311534      0.001800807720974
    1   38
      0.001800807720974     -0.003152268174681      0.012672787311534
     -0.003152268174681      0.001800807720974      0.012672787311534
      0.001561074260064      0.001561074260064     -0.008519707025380
    1   39
      0.000000000000000      0.000000000000000      0.000000000000000
      0.000000000000000      0.000000000000000      0.000000000000000
      0.000000000000000      0.000000000000000      0.000000000000000
    1   40
      0.000000000000000      0.000000000000000      0.000000000000000
      0.000000000000000      0.000000000000000      0.000000000000000
      0.000000000000000      0.000000000000000      0.000000000000000
    1   41
      0.000000000000000      0.000000000000000      0.000000000000000
      0.000000000000000      0.000000000000000      0.000000000000000
      0.000000000000000      0.000000000000000      0.000000000000000
    1   42
      0.000000000000000      0.000000000000000      0.000000000000000
      0.000000000000000      0.000000000000000      0.000000000000000
      0.000000000000000      0.000000000000000      0.000000000000000
    1   43
      0.000000000000000      0.000000000000000      0.000000000000000
      0.000000000000000      0.000000000000000      0.000000000000000
      0.000000000000000      0.000000000000000      0.000000000000000
    1   44
      0.000000000000000      0.000000000000000      0.000000000000000
      0.000000000000000      0.000000000000000      0.000000000000000
      0.000000000000000      0.000000000000000      0.000000000000000
    1   45
      0.001800807720974     -0.001561074260064      0.003152268174681
     -0.012672787311534     -0.008519707025380      0.012672787311534
      0.003152268174681      0.001561074260064      0.001800807720974
    1   46
      0.000000000000000      0.000000000000000      0.000000000000000
      0.000000000000000      0.000000000000000      0.000000000000000
      0.000000000000000      0.000000000000000      0.000000000000000
    1   47
      0.000000000000000      0.000000000000000      0.000000000000000
      0.000000000000000      0.000000000000000      0.000000000000000
      0.000000000000000      0.000000000000000      0.000000000000000
    1   48
      0.001800807720974     -0.003152268174681      0.001561074260064
     -0.003152268174681      0.001800807720974      0.001561074260064
      0.012672787311534      0.012672787311534     -0.008519707025380
    1   49
     -0.196071451197520     -0.161424921469670     -0.062885987207369
     -0.161424921469670     -0.196071451197520     -0.062885987207369
      0.062885987207369      0.062885987207369      0.320826712259651
    1   50
     -0.196071451197520      0.062885987207369      0.161424921469670
     -0.062885987207369      0.320826712259651      0.062885987207369
      0.161424921469670     -0.062885987207369     -0.196071451197520
    1   51
      0.001800807720974      0.003152268174681      0.001561074260064
      0.003152268174681      0.001800807720974     -0.001561074260064
      0.012672787311534     -0.012672787311534     -0.008519707025380
    1   52
      0.001800807720974     -0.001561074260064     -0.003152268174681
     -0.012672787311534     -0.008519707025380     -0.012672787311534
     -0.003152268174681     -0.001561074260064      0.001800807720974
    1   53
      0.320826712259651     -0.062885987207369      0.062885987207369
      0.062885987207369     -0.196071451197520      0.161424921469670
     -0.062885987207369      0.161424921469670     -0.196071451197520
    1   54
      0.017312415421000     -0.000000000000000      0.000000000000000
     -0.000000000000000      0.017312415421000     -0.000000000000000
     -0.000000000000000     -0.000000000000000     -0.039564301480918
    1   55
      0.000000000000000      0.000000000000000      0.000000000000000
      0.000000000000000      0.000000000000000      0.000000000000000
      0.000000000000000      0.000000000000000      0.000000000000000
    1   56
      0.017312415421000     -0.000000000000000     -0.000000000000000
     -0.000000000000000     -0.039564301480918      0.000000000000000
     -0.000000000000000     -0.000000000000000      0.017312415421000
    1   57
      0.001800807720974      0.003152268174681     -0.001561074260064
      0.003152268174681      0.001800807720974      0.001561074260064
     -0.012672787311534      0.012672787311534     -0.008519707025380
    1   58
      0.000000000000000      0.000000000000000      0.000000000000000
      0.000000000000000      0.000000000000000      0.000000000000000
      0.000000000000000      0.000000000000000      0.000000000000000
    1   59
      0.000000000000000      0.000000000000000      0.000000000000000
      0.000000000000000      0.000000000000000      0.000000000000000
      0.000000000000000      0.000000000000000      0.000000000000000
    1   60
      0.001800807720974      0.001561074260064     -0.003152268174681
      0.012672787311534     -0.008519707025380      0.012672787311534
     -0.003152268174681      0.001561074260064      0.001800807720974
    1   61
     -0.008519707025380     -0.012672787311534     -0.012672787311534
     -0.001561074260064      0.001800807720974     -0.003152268174681
     -0.001561074260064     -0.003152268174681      0.001800807720974
    1   62
     -0.039564301480918      0.000000000000000     -0.000000000000000
     -0.000000000000000      0.017312415421000     -0.000000000000000
     -0.000000000000000     -0.000000000000000      0.017312415421000
    1   63
     -0.008519707025380      0.012672787311534      0.012672787311534
      0.001561074260064      0.001800807720974     -0.003152268174681
      0.001561074260064     -0.003152268174681      0.001800807720974
    1   64
      0.000000000000000      0.000000000000000      0.000000000000000
      0.000000000000000      0.000000000000000      0.000000000000000
      0.000000000000000      0.000000000000000      0.000000000000000
    1   65
     -3.070933115050834     -2.137722653331902     -2.137722653331902
     -2.137722653331903     -3.070933115050835     -2.137722653331903
     -2.137722653331902     -2.137722653331902     -3.070933115050835
    1   66
     -3.070933115050835      2.137722653331902      2.137722653331902
      2.137722653331903     -3.070933115050834     -2.137722653331902
      2.137722653331903     -2.137722653331902     -3.070933115050835
    1   67
     -0.012833106354021     -0.026198031047242     -0.026198031047242
     -0.026198031047242     -0.021987426539208     -0.027430010096098
     -0.026198031047242     -0.027430010096098     -0.021987426539208
    1   68
     -0.012833106354021      0.026198031047242      0.026198031047242
      0.026198031047242     -0.021987426539208     -0.027430010096098
      0.026198031047242     -0.027430010096098     -0.021987426539208
    1   69
     -3.070933115050835      2.137722653331902     -2.137722653331902
      2.137722653331903     -3.070933115050834      2.137722653331902
     -2.137722653331903      2.137722653331902     -3.070933115050835
    1   70
      0.014590506072450     -0.022494813793512      0.013308618884851
     -0.022494813793512      0.014590506072450      0.013308618884851
      0.013308618884851      0.013308618884851      0.019190105159613
    1   71
      0.000000000000000      0.000000000000000      0.000000000000000
      0.000000000000000      0.000000000000000      0.000000000000000
      0.000000000000000      0.000000000000000      0.000000000000000
    1   72
      0.014590506072450     -0.013308618884851      0.022494813793512
     -0.013308618884851      0.019190105159613      0.013308618884851
      0.022494813793512      0.013308618884851      0.014590506072450
    1   73
     -0.021987426539208     -0.026198031047242     -0.027430010096098
     -0.026198031047242     -0.012833106354021     -0.026198031047242
     -0.027430010096098     -0.026198031047242     -0.021987426539208
    1   74
      0.000000000000000      0.000000000000000      0.000000000000000
      0.000000000000000      0.000000000000000      0.000000000000000
      0.000000000000000      0.000000000000000      0.000000000000000
    1   75
      0.000000000000000      0.000000000000000      0.000000000000000
      0.000000000000000      0.000000000000000      0.000000000000000
      0.000000000000000      0.000000000000000      0.000000000000000
    1   76
     -0.021987426539208      0.027430010096098      0.026198031047242
      0.027430010096098     -0.021987426539208     -0.026198031047242
      0.026198031047242     -0.026198031047242     -0.012833106354021
    1   77
     -0.021987426539208      0.026198031047242     -0.027430010096098
      0.026198031047242     -0.012833106354021      0.026198031047242
     -0.027430010096098      0.026198031047242     -0.021987426539208
    1   78
      0.019190105159613     -0.013308618884851      0.013308618884851
     -0.013308618884851      0.014590506072450      0.022494813793512
      0.013308618884851      0.022494813793512      0.014590506072450
    1   79
     -0.021987426539208      0.027430010096098     -0.026198031047242
      0.027430010096098     -0.021987426539208      0.026198031047242
     -0.026198031047242      0.026198031047242     -0.012833106354021
    1   80
      0.000000000000000      0.000000000000000      0.000000000000000
      0.000000000000000      0.000000000000000      0.000000000000000
      0.000000000000000      0.000000000000000      0.000000000000000
    1   81
     -3.070933115050834     -2.137722653331902      2.137722653331902
     -2.137722653331903     -3.070933115050835      2.137722653331903
      2.137722653331902      2.137722653331902     -3.070933115050835
    1   82
      0.014590506072450      0.013308618884851     -0.022494813793512
      0.013308618884851      0.019190105159613      0.013308618884851
     -0.022494813793512      0.013308618884851      0.014590506072450
    1   83
      0.000000000000000      0.000000000000000      0.000000000000000
      0.000000000000000      0.000000000000000      0.000000000000000
      0.000000000000000      0.000000000000000      0.000000000000000
    1   84
      0.014590506072450      0.022494813793512     -0.013308618884851
      0.022494813793512      0.014590506072450      0.013308618884851
     -0.013308618884851      0.013308618884851      0.019190105159613
    1   85
      0.019190105159613      0.013308618884851      0.013308618884851
      0.013308618884851      0.014590506072450     -0.022494813793512
      0.013308618884851     -0.022494813793512      0.014590506072450
    1   86
      0.000000000000000      0.000000000000000      0.000000000000000
      0.000000000000000      0.000000000000000      0.000000000000000
      0.000000000000000      0.000000000000000      0.000000000000000
    1   87
      0.000000000000000      0.000000000000000      0.000000000000000
      0.000000000000000      0.000000000000000      0.000000000000000
      0.000000000000000      0.000000000000000      0.000000000000000
    1   88
      0.019190105159613     -0.013308618884851     -0.013308618884851
     -0.013308618884851      0.014590506072450     -0.022494813793512
     -0.013308618884851     -0.022494813793512      0.014590506072450
    1   89
      0.000000000000000      0.000000000000000      0.000000000000000
      0.000000000000000      0.000000000000000      0.000000000000000
      0.000000000000000      0.000000000000000      0.000000000000000
    1   90
      0.000000000000000      0.000000000000000      0.000000000000000
      0.000000000000000      0.000000000000000      0.000000000000000
      0.000000000000000      0.000000000000000      0.000000000000000
    1   91
      0.000000000000000      0.000000000000000      0.000000000000000
      0.000000000000000      0.000000000000000      0.000000000000000
      0.000000000000000      0.000000000000000      0.000000000000000
    1   92
      0.000000000000000      0.000000000000000      0.000000000000000
      0.000000000000000      0.000000000000000      0.000000000000000
      0.000000000000000      0.000000000000000      0.000000000000000
    1   93
      0.014590506072450      0.022494813793512      0.013308618884851
      0.022494813793512      0.014590506072450     -0.013308618884851
      0.013308618884851     -0.013308618884851      0.019190105159613
    1   94
      0.014590506072450     -0.013308618884851     -0.022494813793512
     -0.013308618884851      0.019190105159613     -0.013308618884851
     -0.022494813793512     -0.013308618884851      0.014590506072450
    1   95
      0.000000000000000      0.000000000000000      0.000000000000000
      0.000000000000000      0.000000000000000      0.000000000000000
      0.000000000000000      0.000000000000000      0.000000000000000
    1   96
      0.000000000000000      0.000000000000000      0.000000000000000
      0.000000000000000      0.000000000000000      0.000000000000000
      0.000000000000000      0.000000000000000      0.000000000000000
    1   97
     -0.021987426539208     -0.027430010096098     -0.026198031047242
     -0.027430010096098     -0.021987426539208     -0.026198031047242
     -0.026198031047242     -0.026198031047242     -0.012833106354021
    1   98
      0.000000000000000      0.000000000000000      0.000000000000000
      0.000000000000000      0.000000000000000      0.000000000000000
      0.000000000000000      0.000000000000000      0.000000000000000
    1   99
      0.000000000000000      0.000000000000000      0.000000000000000
      0.000000000000000      0.000000000000000      0.000000000000000
      0.000000000000000      0.000000000000000      0.000000000000000
    1  100
     -0.021987426539208      0.026198031047242      0.027430010096098
      0.026198031047242     -0.012833106354021     -0.026198031047242
      0.027430010096098     -0.026198031047242     -0.021987426539208
    1  101
      0.000000000000000      0.000000000000000      0.000000000000000
      0.000000000000000      0.000000000000000      0.000000000000000
      0.000000000000000      0.000000000000000      0.000000000000000
    1  102
      0.000000000000000      0.000000000000000      0.000000000000000
      0.000000000000000      0.000000000000000      0.000000000000000
      0.000000000000000      0.000000000000000      0.000000000000000
    1  103
      0.000000000000000      0.000000000000000      0.000000000000000
      0.000000000000000      0.000000000000000      0.000000000000000
      0.000000000000000      0.000000000000000      0.000000000000000
    1  104
      0.000000000000000      0.000000000000000      0.000000000000000
      0.000000000000000      0.000000000000000      0.000000000000000
      0.000000000000000      0.000000000000000      0.000000000000000
    1  105
      0.000000000000000      0.000000000000000      0.000000000000000
      0.000000000000000      0.000000000000000      0.000000000000000
      0.000000000000000      0.000000000000000      0.000000000000000
    1  106
      0.000000000000000      0.000000000000000      0.000000000000000
      0.000000000000000      0.000000000000000      0.000000000000000
      0.000000000000000      0.000000000000000      0.000000000000000
    1  107
      0.000000000000000      0.000000000000000      0.000000000000000
      0.000000000000000      0.000000000000000      0.000000000000000
      0.000000000000000      0.000000000000000      0.000000000000000
    1  108
      0.000000000000000      0.000000000000000      0.000000000000000
      0.000000000000000      0.000000000000000      0.000000000000000
      0.000000000000000      0.000000000000000      0.000000000000000
    1  109
     -0.012833106354021      0.026198031047242     -0.026198031047242
      0.026198031047242     -0.021987426539208      0.027430010096098
     -0.026198031047242      0.027430010096098     -0.021987426539208
    1  110
      0.000000000000000      0.000000000000000      0.000000000000000
      0.000000000000000      0.000000000000000      0.000000000000000
      0.000000000000000      0.000000000000000      0.000000000000000
    1  111
      0.000000000000000      0.000000000000000      0.000000000000000
      0.000000000000000      0.000000000000000      0.000000000000000
      0.000000000000000      0.000000000000000      0.000000000000000
    1  112
      0.000000000000000      0.000000000000000      0.000000000000000
      0.000000000000000      0.000000000000000      0.000000000000000
      0.000000000000000      0.000000000000000      0.000000000000000
    1  113
     -0.021987426539208     -0.027430010096098      0.026198031047242
     -0.027430010096098     -0.021987426539208      0.026198031047242
      0.026198031047242      0.026198031047242     -0.012833106354021
    1  114
      0.019190105159613      0.013308618884851     -0.013308618884851
      0.013308618884851      0.014590506072450      0.022494813793512
     -0.013308618884851      0.022494813793512      0.014590506072450
    1  115
     -0.021987426539208     -0.026198031047242      0.027430010096098
     -0.026198031047242     -0.012833106354021      0.026198031047242
      0.027430010096098      0.026198031047242     -0.021987426539208
    1  116
      0.000000000000000      0.000000000000000      0.000000000000000
      0.000000000000000      0.000000000000000      0.000000000000000
      0.000000000000000      0.000000000000000      0.000000000000000
    1  117
      0.014590506072450      0.013308618884851      0.022494813793512
      0.013308618884851      0.019190105159613     -0.013308618884851
      0.022494813793512     -0.013308618884851      0.014590506072450
    1  118
      0.014590506072450     -0.022494813793512     -0.013308618884851
     -0.022494813793512      0.014590506072450     -0.013308618884851
     -0.013308618884851     -0.013308618884851      0.019190105159613
    1  119
      0.000000000000000      0.000000000000000      0.000000000000000
      0.000000000000000      0.000000000000000      0.000000000000000
      0.000000000000000      0.000000000000000      0.000000000000000
    1  120
      0.000000000000000      0.000000000000000      0.000000000000000
      0.000000000000000      0.000000000000000      0.000000000000000
      0.000000000000000      0.000000000000000      0.000000000000000
    1  121
     -0.012833106354021     -0.026198031047242      0.026198031047242
     -0.026198031047242     -0.021987426539208      0.027430010096098
      0.026198031047242      0.027430010096098     -0.021987426539208
    1  122
      0.000000000000000      0.000000000000000      0.000000000000000
      0.000000000000000      0.000000000000000      0.000000000000000
      0.000000000000000      0.000000000000000      0.000000000000000
    1  123
      0.000000000000000      0.000000000000000      0.000000000000000
      0.000000000000000      0.000000000000000      0.000000000000000
      0.000000000000000      0.000000000000000      0.000000000000000
    1  124
      0.000000000000000      0.000000000000000      0.000000000000000
      0.000000000000000      0.000000000000000      0.000000000000000
      0.000000000000000      0.000000000000000      0.000000000000000
    1  125
      0.000000000000000      0.000000000000000      0.000000000000000
      0.000000000000000      0.000000000000000      0.000000000000000
      0.000000000000000      0.000000000000000      0.000000000000000
    1  126
      0.000000000000000      0.000000000000000      0.000000000000000
      0.000000000000000      0.000000000000000      0.000000000000000
      0.000000000000000      0.000000000000000      0.000000000000000
    1  127
      0.000000000000000      0.000000000000000      0.000000000000000
      0.000000000000000      0.000000000000000      0.000000000000000
      0.000000000000000      0.000000000000000      0.000000000000000
    1  128
      0.000000000000000      0.000000000000000      0.000000000000000
      0.000000000000000      0.000000000000000      0.000000000000000
      0.000000000000000      0.000000000000000      0.000000000000000
    2    1
      0.320826712259651      0.062885987207369      0.062885987207369
     -0.062885987207369     -0.196071451197520     -0.161424921469670
     -0.062885987207369     -0.161424921469670     -0.196071451197520
    2    2
     12.651968263201885      0.000000000000001     -0.000000000000001
      0.000000000000001     12.651968263201884     -0.000000000000000
     -0.000000000000001     -0.000000000000000     12.651968263201885
    2    3
      0.320826712259651     -0.062885987207369     -0.062885987207369
      0.062885987207369     -0.196071451197520     -0.161424921469670
      0.062885987207369     -0.161424921469670     -0.196071451197520
    2    4
      0.000000000000000      0.000000000000000      0.000000000000000
      0.000000000000000      0.000000000000000      0.000000000000000
      0.000000000000000      0.000000000000000      0.000000000000000
    2    5
     -0.196071451197520      0.161424921469670     -0.062885987207369
      0.161424921469670     -0.196071451197520      0.062885987207369
      0.062885987207369     -0.062885987207369      0.320826712259651
    2    6
     -0.196071451197520      0.062885987207369     -0.161424921469670
     -0.062885987207369      0.320826712259651     -0.062885987207369
     -0.161424921469670      0.062885987207369     -0.196071451197520
    2    7
      0.001800807720974     -0.003152268174681     -0.012672787311534
     -0.003152268174681      0.001800807720974     -0.012672787311534
     -0.001561074260064     -0.001561074260064     -0.008519707025380
    2    8
      0.001800807720974      0.012672787311534      0.003152268174681
      0.001561074260064     -0.008519707025380     -0.001561074260064
      0.003152268174681     -0.012672787311534      0.001800807720974
    2    9
     -0.008519707025380      0.012672787311534     -0.012672787311534
      0.001561074260064      0.001800807720974      0.003152268174681
     -0.001561074260064      0.003152268174681      0.001800807720974
    2   10
      0.000000000000000      0.000000000000000      0.000000000000000
      0.000000000000000      0.000000000000000      0.000000000000000
      0.000000000000000      0.000000000000000      0.000000000000000
    2   11
     -0.008519707025380      0.001561074260064     -0.001561074260064
      0.012672787311534      0.001800807720974      0.003152268174681
     -0.012672787311534      0.003152268174681      0.001800807720974
    2   12
      0.000000000000000      0.000000000000000      0.000000000000000
      0.000000000000000      0.000000000000000      0.000000000000000
      0.000000000000000      0.000000000000000      0.000000000000000
    2   13
      0.001800807720974     -0.003152268174681     -0.001561074260064
     -0.003152268174681      0.001800807720974     -0.001561074260064
     -0.012672787311534     -0.012672787311534     -0.008519707025380
    2   14
     -0.196071451197520     -0.062885987207369     -0.161424921469670
      0.062885987207369      0.320826712259651      0.062885987207369
     -0.161424921469670     -0.062885987207369     -0.196071451197520
    2   15
     -0.196071451197520      0.161424921469670      0.062885987207369
      0.161424921469670     -0.196071451197520     -0.062885987207369
     -0.062885987207369      0.062885987207369      0.320826712259651
    2   16
      0.001800807720974      0.001561074260064      0.003152268174681
      0.012672787311534     -0.008519707025380     -0.012672787311534
      0.003152268174681     -0.001561074260064      0.001800807720974
    2   17
     -0.196071451197520     -0.062885987207369      0.161424921469670
      0.062885987207369      0.320826712259651     -0.062885987207369
      0.161424921469670      0.062885987207369     -0.196071451197520
    2   18
     -0.196071451197520     -0.161424921469670      0.062885987207369
     -0.161424921469670     -0.196071451197520      0.062885987207369
     -0.062885987207369     -0.062885987207369      0.320826712259651
    2   19
      0.001800807720974     -0.012672787311534     -0.003152268174681
     -0.001561074260064     -0.008519707025380     -0.001561074260064
     -0.003152268174681     -0.012672787311534      0.001800807720974
    2   20
      0.001800807720974      0.003152268174681      0.012672787311534
      0.003152268174681      0.001800807720974     -0.012672787311534
      0.001561074260064     -0.001561074260064     -0.008519707025380
    2   21
     -0.039564301480918     -0.000000000000000     -0.000000000000000
      0.000000000000000      0.017312415421000     -0.000000000000000
     -0.000000000000000     -0.000000000000000      0.017312415421000
    2   22
     -0.008519707025380     -0.001561074260064     -0.001561074260064
     -0.012672787311534      0.001800807720974     -0.003152268174681
     -0.012672787311534     -0.003152268174681      0.001800807720974
    2   23
      0.000000000000000      0.000000000000000      0.000000000000000
      0.000000000000000      0.000000000000000      0.000000000000000
      0.000000000000000      0.000000000000000      0.000000000000000
    2   24
     -0.008519707025380      0.001561074260064      0.001561074260064
      0.012672787311534      0.001800807720974     -0.003152268174681
      0.012672787311534     -0.003152268174681      0.001800807720974
    2   25
      0.000000000000000      0.000000000000000      0.000000000000000
      0.000000000000000      0.000000000000000      0.000000000000000
      0.000000000000000      0.000000000000000      0.000000000000000
    2   26
      0.001800807720974      0.003152268174681     -0.012672787311534
      0.003152268174681      0.001800807720974      0.012672787311534
     -0.001561074260064      0.001561074260064     -0.008519707025380
    2   27
      0.001800807720974      0.012672787311534     -0.003152268174681
      0.001561074260064     -0.008519707025380      0.001561074260064
     -0.003152268174681      0.012672787311534      0.001800807720974
    2   28
      0.000000000000000      0.000000000000000      0.000000000000000
      0.000000000000000      0.000000000000000      0.000000000000000
      0.000000000000000      0.000000000000000      0.000000000000000
    2   29
      0.017312415421000     -0.000000000000000     -0.000000000000000
     -0.000000000000000      0.017312415421000     -0.000000000000000
      0.000000000000000     -0.000000000000000     -0.039564301480918
    2   30
      0.320826712259651      0.062885987207369     -0.062885987207369
     -0.062885987207369     -0.196071451197520      0.161424921469670
      0.062885987207369      0.161424921469670     -0.196071451197520
    2   31
      0.017312415421000     -0.000000000000000     -0.000000000000000
     -0.000000000000000     -0.039564301480918     -0.000000000000000
     -0.000000000000000      0.000000000000000      0.017312415421000
    2   32
      0.000000000000000      0.000000000000000      0.000000000000000
      0.000000000000000      0.000000000000000      0.000000000000000
      0.000000000000000      0.000000000000000      0.000000000000000
    2   33
     -0.008519707025380     -0.012672787311534      0.012672787311534
     -0.001561074260064      0.001800807720974      0.003152268174681
      0.001561074260064      0.003152268174681      0.001800807720974
    2   34
      0.000000000000000      0.000000000000000      0.000000000000000
      0.000000000000000      0.000000000000000      0.000000000000000
      0.000000000000000      0.000000000000000      0.000000000000000
    2   35
     -0.008519707025380     -0.001561074260064      0.001561074260064
     -0.012672787311534      0.001800807720974      0.003152268174681
      0.012672787311534      0.003152268174681      0.001800807720974
    2   36
      0.000000000000000      0.000000000000000      0.000000000000000
      0.000000000000000      0.000000000000000      0.000000000000000
      0.000000000000000      0.000000000000000      0.000000000000000
    2   37
      0.000000000000000      0.000000000000000      0.000000000000000
      0.000000000000000      0.000000000000000      0.000000000000000
      0.000000000000000      0.000000000000000      0.000000000000000
    2   38
      0.001800807720974     -0.012672787311534      0.003152268174681
     -0.001561074260064     -0.008519707025380      0.001561074260064
      0.003152268174681      0.012672787311534      0.001800807720974
    2   39
      0.001800807720974     -0.003152268174681      0.012672787311534
     -0.003152268174681      0.001800807720974      0.012672787311534
      0.001561074260064      0.001561074260064     -0.008519707025380
    2   40
      0.000000000000000      0.000000000000000      0.000000000000000
      0.000000000000000      0.000000000000000      0.000000000000000
      0.000000000000000      0.000000000000000      0.000000000000000
    2   41
      0.000000000000000      0.000000000000000      0.000000000000000
      0.000000000000000      0.000000000000000      0.000000000000000
      0.000000000000000      0.000000000000000      0.000000000000000
    2   42
      0.000000000000000      0.000000000000000      0.000000000000000
      0.000000000000000      0.000000000000000      0.000000000000000
      0.000000000000000      0.000000000000000      0.000000000000000
    2   43
      0.000000000000000      0.000000000000000      0.000000000000000
      0.000000000000000      0.000000000000000      0.000000000000000
      0.000000000000000      0.000000000000000      0.000000000000000
    2   44
      0.000000000000000      0.000000000000000      0.000000000000000
      0.000000000000000      0.000000000000000      0.000000000000000
      0.000000000000000      0.000000000000000      0.000000000000000
    2   45
      0.001800807720974     -0.003152268174681      0.001561074260064
     -0.003152268174681      0.001800807720974      0.001561074260064
      0.012672787311534      0.012672787311534     -0.008519707025380
    2   46
      0.001800807720974     -0.001561074260064      0.003152268174681
     -0.012672787311534     -0.008519707025380      0.012672787311534
      0.003152268174681      0.001561074260064      0.001800807720974
    2   47
      0.000000000000000      0.000000000000000      0.000000000000000
      0.000000000000000      0.000000000000000      0.000000000000000
      0.000000000000000      0.000000000000000      0.000000000000000
    2   48
      0.000000000000000      0.000000000000000      0.000000000000000
      0.000000000000000      0.000000000000000      0.000000000000000
      0.000000000000000      0.000000000000000      0.000000000000000
    2   49
      0.001800807720974     -0.001561074260064     -0.003152268174681
     -0.012672787311534     -0.008519707025380     -0.012672787311534
     -0.003152268174681     -0.001561074260064      0.001800807720974
    2   50
     -0.196071451197520     -0.161424921469670     -0.062885987207369
     -0.161424921469670     -0.196071451197520     -0.062885987207369
      0.062885987207369      0.062885987207369      0.320826712259651
    2   51
     -0.196071451197520      0.062885987207369      0.161424921469670
     -0.062885987207369      0.320826712259651      0.062885987207369
      0.161424921469670     -0.062885987207369     -0.196071451197520
    2   52
      0.001800807720974      0.003152268174681      0.001561074260064
      0.003152268174681      0.001800807720974     -0.001561074260064
      0.012672787311534     -0.012672787311534     -0.008519707025380
    2   53
      0.017312415421000     -0.000000000000000     -0.000000000000000
     -0.000000000000000     -0.039564301480918      0.000000000000000
