  128   128
    1    1
     12.578241816996510      0.000000000000001     -0.000000000000001
      0.000000000000001     12.578241816996508     -0.000000000000000
     -0.000000000000001     -0.000000000000000     12.578241816996510
    1    2
      0.324274791529203     -0.052268183274967     -0.052268183274967
      0.052268183274967     -0.190561398350953     -0.164419501705728
      0.052268183274967     -0.164419501705728     -0.190561398350953
    1    3
      0.000000000000000      0.000000000000000      0.000000000000000
      0.000000000000000      0.000000000000000      0.000000000000000
      0.000000000000000      0.000000000000000      0.000000000000000
    1    4
      0.324274791529203      0.052268183274967      0.052268183274967
     -0.052268183274967     -0.190561398350953     -0.164419501705728
     -0.052268183274967     -0.164419501705728     -0.190561398350953
    1    5
     -0.190561398350953      0.052268183274967     -0.164419501705728
     -0.052268183274967      0.324274791529203     -0.052268183274967
     -0.164419501705728      0.052268183274967     -0.190561398350953
    1    6
      0.002094273656773     -0.003715211875524     -0.014283467699061
     -0.003715211875524      0.002094273656773     -0.014283467699061
     -0.004372575583942     -0.004372575583942     -0.010654624287727
    1    7
      0.002094273656773      0.014283467699061      0.003715211875524
      0.004372575583942     -0.010654624287727     -0.004372575583942
      0.003715211875524     -0.014283467699061      0.002094273656773
    1    8
     -0.190561398350953      0.164419501705728     -0.052268183274967
      0.164419501705728     -0.190561398350953      0.052268183274967
      0.052268183274967     -0.052268183274967      0.324274791529203
    1    9
      0.000000000000000      0.000000000000000      0.000000000000000
      0.000000000000000      0.000000000000000      0.000000000000000
      0.000000000000000      0.000000000000000      0.000000000000000
    1   10
     -0.010654624287727      0.004372575583942     -0.004372575583942
      0.014283467699061      0.002094273656773      0.003715211875524
     -0.014283467699061      0.003715211875524      0.002094273656773
    1   11
      0.000000000000000      0.000000000000000      0.000000000000000
      0.000000000000000      0.000000000000000      0.000000000000000
      0.000000000000000      0.000000000000000      0.000000000000000
    1   12
     -0.010654624287727      0.014283467699061     -0.014283467699061
      0.004372575583942      0.002094273656773      0.003715211875524
     -0.004372575583942      0.003715211875524      0.002094273656773
    1   13
     -0.190561398350953     -0.052268183274967     -0.164419501705728
      0.052268183274967      0.324274791529203      0.052268183274967
     -0.164419501705728     -0.052268183274967     -0.190561398350953
    1   14
     -0.190561398350953      0.164419501705728      0.052268183274967
      0.164419501705728     -0.190561398350953     -0.052268183274967
     -0.052268183274967      0.052268183274967      0.324274791529203
    1   15
      0.002094273656773      0.004372575583942      0.003715211875524
      0.014283467699061     -0.010654624287727     -0.014283467699061
      0.003715211875524     -0.004372575583942      0.002094273656773
    1   16
      0.002094273656773     -0.003715211875524     -0.004372575583942
     -0.003715211875524      0.002094273656773     -0.004372575583942
     -0.014283467699061     -0.014283467699061     -0.010654624287727
    1   17
     -0.190561398350953     -0.164419501705728      0.052268183274967
     -0.164419501705728     -0.190561398350953      0.052268183274967
     -0.052268183274967     -0.052268183274967      0.324274791529203
    1   18
      0.002094273656773     -0.014283467699061     -0.003715211875524
     -0.004372575583942     -0.010654624287727     -0.004372575583942
     -0.003715211875524     -0.014283467699061      0.002094273656773
    1   19
      0.002094273656773      0.003715211875524      0.014283467699061
      0.003715211875524      0.002094273656773     -0.014283467699061
      0.004372575583942     -0.004372575583942     -0.010654624287727
    1   20
     -0.190561398350953     -0.052268183274967      0.164419501705728
      0.052268183274967      0.324274791529203     -0.052268183274967
      0.164419501705728      0.052268183274967     -0.190561398350953
    1   21
     -0.010654624287727     -0.004372575583942     -0.004372575583942
     -0.014283467699061      0.002094273656773     -0.003715211875524
     -0.014283467699061     -0.003715211875524      0.002094273656773
    1   22
      0.000000000000000      0.000000000000000      0.000000000000000
      0.000000000000000      0.000000000000000      0.000000000000000
      0.000000000000000      0.000000000000000      0.000000000000000
    1   23
     -0.010654624287727      0.004372575583942      0.004372575583942
      0.014283467699061      0.002094273656773     -0.003715211875524
      0.014283467699061     -0.003715211875524      0.002094273656773
    1   24
     -0.043886796424897     -0.000000000000000     -0.000000000000000
      0.000000000000000      0.021375393692186     -0.000000000000000
     -0.000000000000000     -0.000000000000000      0.021375393692186
    1   25
      0.002094273656773      0.003715211875524     -0.014283467699061
      0.003715211875524      0.002094273656773      0.014283467699061
     -0.004372575583942      0.004372575583942     -0.010654624287727
    1   26
      0.002094273656773      0.014283467699061     -0.003715211875524
      0.004372575583942     -0.010654624287727      0.004372575583942
     -0.003715211875524      0.014283467699061      0.002094273656773
    1   27
      0.000000000000000      0.000000000000000      0.000000000000000
      0.000000000000000      0.000000000000000      0.000000000000000
      0.000000000000000      0.000000000000000      0.000000000000000
    1   28
      0.000000000000000      0.000000000000000      0.000000000000000
      0.000000000000000      0.000000000000000      0.000000000000000
      0.000000000000000      0.000000000000000      0.000000000000000
    1   29
      0.324274791529203      0.052268183274967     -0.052268183274967
     -0.052268183274967     -0.190561398350953      0.164419501705728
      0.052268183274967      0.164419501705728     -0.190561398350953
    1   30
      0.021375393692186     -0.000000000000000     -0.000000000000000
     -0.000000000000000     -0.043886796424897     -0.000000000000000
     -0.000000000000000      0.000000000000000      0.021375393692186
    1   31
      0.000000000000000      0.000000000000000      0.000000000000000
      0.000000000000000      0.000000000000000      0.000000000000000
      0.000000000000000      0.000000000000000      0.000000000000000
    1   32
      0.021375393692186     -0.000000000000000     -0.000000000000000
     -0.000000000000000      0.021375393692186     -0.000000000000000
      0.000000000000000     -0.000000000000000     -0.043886796424897
    1   33
      0.000000000000000      0.000000000000000      0.000000000000000
      0.000000000000000      0.000000000000000      0.000000000000000
      0.000000000000000      0.000000000000000      0.000000000000000
    1   34
     -0.010654624287727     -0.004372575583942      0.004372575583942
     -0.014283467699061      0.002094273656773      0.003715211875524
      0.014283467699061      0.003715211875524      0.002094273656773
    1   35
      0.000000000000000      0.000000000000000      0.000000000000000
      0.000000000000000      0.000000000000000      0.000000000000000
      0.000000000000000      0.000000000000000      0.000000000000000
    1   36
     -0.010654624287727     -0.014283467699061      0.014283467699061
     -0.004372575583942      0.002094273656773      0.003715211875524
      0.004372575583942      0.003715211875524      0.002094273656773
    1   37
      0.002094273656773     -0.014283467699061      0.003715211875524
     -0.004372575583942     -0.010654624287727      0.004372575583942
      0.003715211875524      0.014283467699061      0.002094273656773
    1   38
      0.002094273656773     -0.003715211875524      0.014283467699061
     -0.003715211875524      0.002094273656773      0.014283467699061
      0.004372575583942      0.004372575583942     -0.010654624287727
    1   39
      0.000000000000000      0.000000000000000      0.000000000000000
      0.000000000000000      0.000000000000000      0.000000000000000
      0.000000000000000      0.000000000000000      0.000000000000000
    1   40
      0.000000000000000      0.000000000000000      0.000000000000000
      0.000000000000000      0.000000000000000      0.000000000000000
      0.000000000000000      0.000000000000000      0.000000000000000
    1   41
      0.000000000000000      0.000000000000000      0.000000000000000
      0.000000000000000      0.000000000000000      0.000000000000000
      0.000000000000000      0.000000000000000      0.000000000000000
    1   42
      0.000000000000000      0.000000000000000      0.000000000000000
      0.000000000000000      0.000000000000000      0.000000000000000
      0.000000000000000      0.000000000000000      0.000000000000000
    1   43
      0.000000000000000      0.000000000000000      0.000000000000000
      0.000000000000000      0.000000000000000      0.000000000000000
      0.000000000000000      0.000000000000000      0.000000000000000
    1   44
      0.000000000000000      0.000000000000000      0.000000000000000
      0.000000000000000      0.000000000000000      0.000000000000000
      0.000000000000000      0.000000000000000      0.000000000000000
    1   45
      0.002094273656773     -0.004372575583942      0.003715211875524
     -0.014283467699061     -0.010654624287727      0.014283467699061
      0.003715211875524      0.004372575583942      0.002094273656773
    1   46
      0.000000000000000      0.000000000000000      0.000000000000000
      0.000000000000000      0.000000000000000      0.000000000000000
      0.000000000000000      0.000000000000000      0.000000000000000
    1   47
      0.000000000000000      0.000000000000000      0.000000000000000
      0.000000000000000      0.000000000000000      0.000000000000000
      0.000000000000000      0.000000000000000      0.000000000000000
    1   48
      0.002094273656773     -0.003715211875524      0.004372575583942
     -0.003715211875524      0.002094273656773      0.004372575583942
      0.014283467699061      0.014283467699061     -0.010654624287727
    1   49
     -0.190561398350953     -0.164419501705728     -0.052268183274967
     -0.164419501705728     -0.190561398350953     -0.052268183274967
      0.052268183274967      0.052268183274967      0.324274791529203
    1   50
     -0.190561398350953      0.052268183274967      0.164419501705728
     -0.052268183274967      0.324274791529203      0.052268183274967
      0.164419501705728     -0.052268183274967     -0.190561398350953
    1   51
      0.002094273656773      0.003715211875524      0.004372575583942
      0.003715211875524      0.002094273656773     -0.004372575583942
      0.014283467699061     -0.014283467699061     -0.010654624287727
    1   52
      0.002094273656773     -0.004372575583942     -0.003715211875524
     -0.014283467699061     -0.010654624287727     -0.014283467699061
     -0.003715211875524     -0.004372575583942      0.002094273656773
    1   53
      0.324274791529203     -0.052268183274967      0.052268183274967
      0.052268183274967     -0.190561398350953      0.164419501705728
     -0.052268183274967      0.164419501705728     -0.190561398350953
    1   54
      0.021375393692186     -0.000000000000000      0.000000000000000
     -0.000000000000000      0.021375393692186     -0.000000000000000
     -0.000000000000000     -0.000000000000000     -0.043886796424897
    1   55
      0.000000000000000      0.000000000000000      0.000000000000000
      0.000000000000000      0.000000000000000      0.000000000000000
      0.000000000000000      0.000000000000000      0.000000000000000
    1   56
      0.021375393692186     -0.000000000000000     -0.000000000000000
     -0.000000000000000     -0.043886796424897      0.000000000000000
     -0.000000000000000     -0.000000000000000      0.021375393692186
    1   57
      0.002094273656773      0.003715211875524     -0.004372575583942
      0.003715211875524      0.002094273656773      0.004372575583942
     -0.014283467699061      0.014283467699061     -0.010654624287727
    1   58
      0.000000000000000      0.000000000000000      0.000000000000000
      0.000000000000000      0.000000000000000      0.000000000000000
      0.000000000000000      0.000000000000000      0.000000000000000
    1   59
      0.000000000000000      0.000000000000000      0.000000000000000
      0.000000000000000      0.000000000000000      0.000000000000000
      0.000000000000000      0.000000000000000      0.000000000000000
    1   60
      0.002094273656773      0.004372575583942     -0.003715211875524
      0.014283467699061     -0.010654624287727      0.014283467699061
     -0.003715211875524      0.004372575583942      0.002094273656773
    1   61
     -0.010654624287727     -0.014283467699061     -0.014283467699061
     -0.004372575583942      0.002094273656773     -0.003715211875524
     -0.004372575583942     -0.003715211875524      0.002094273656773
    1   62
     -0.043886796424897      0.000000000000000     -0.000000000000000
     -0.000000000000000      0.021375393692186     -0.000000000000000
     -0.000000000000000     -0.000000000000000      0.021375393692186
    1   63
     -0.010654624287727      0.014283467699061      0.014283467699061
      0.004372575583942      0.002094273656773     -0.003715211875524
      0.004372575583942     -0.003715211875524      0.002094273656773
    1   64
      0.000000000000000      0.000000000000000      0.000000000000000
      0.000000000000000      0.000000000000000      0.000000000000000
      0.000000000000000      0.000000000000000      0.000000000000000
    1   65
     -3.045738146334903     -2.125382232700516     -2.125382232700516
     -2.125382232700516     -3.045738146334903     -2.125382232700516
     -2.125382232700516     -2.125382232700516     -3.045738146334903
    1   66
     -3.045738146334903      2.125382232700516      2.125382232700516
      2.125382232700516     -3.045738146334903     -2.125382232700516
      2.125382232700516     -2.125382232700516     -3.045738146334903
    1   67
     -0.011533579114832     -0.021408930527750     -0.021408930527750
     -0.021408930527750     -0.026282170342348     -0.026780741557203
     -0.021408930527750     -0.026780741557203     -0.026282170342348
    1   68
     -0.011533579114832      0.021408930527750      0.021408930527750
      0.021408930527750     -0.026282170342348     -0.026780741557203
      0.021408930527750     -0.026780741557203     -0.026282170342348
    1   69
     -3.045738146334903      2.125382232700516     -2.125382232700516
      2.125382232700516     -3.045738146334903      2.125382232700516
     -2.125382232700516      2.125382232700516     -3.045738146334903
    1   70
      0.006195297133363     -0.016418740945583      0.014806623480618
     -0.016418740945583      0.006195297133363      0.014806623480618
      0.014806623480618      0.014806623480618      0.023233181259907
    1   71
      0.000000000000000      0.000000000000000      0.000000000000000
      0.000000000000000      0.000000000000000      0.000000000000000
      0.000000000000000      0.000000000000000      0.000000000000000
    1   72
      0.006195297133363     -0.014806623480618      0.016418740945583
     -0.014806623480618      0.023233181259907      0.014806623480618
      0.016418740945583      0.014806623480618      0.006195297133363
    1   73
     -0.026282170342348     -0.021408930527750     -0.026780741557203
     -0.021408930527750     -0.011533579114832     -0.021408930527750
     -0.026780741557203     -0.021408930527750     -0.026282170342348
    1   74
      0.000000000000000      0.000000000000000      0.000000000000000
      0.000000000000000      0.000000000000000      0.000000000000000
      0.000000000000000      0.000000000000000      0.000000000000000
    1   75
      0.000000000000000      0.000000000000000      0.000000000000000
      0.000000000000000      0.000000000000000      0.000000000000000
      0.000000000000000      0.000000000000000      0.000000000000000
    1   76
     -0.026282170342348      0.026780741557203      0.021408930527750
      0.026780741557203     -0.026282170342348     -0.021408930527750
      0.021408930527750     -0.021408930527750     -0.011533579114832
    1   77
     -0.026282170342348      0.021408930527750     -0.026780741557203
      0.021408930527750     -0.011533579114832      0.021408930527750
     -0.026780741557203      0.021408930527750     -0.026282170342348
    1   78
      0.023233181259907     -0.014806623480618      0.014806623480618
     -0.014806623480618      0.006195297133363      0.016418740945583
      0.014806623480618      0.016418740945583      0.006195297133363
    1   79
     -0.026282170342348      0.026780741557203     -0.021408930527750
      0.026780741557203     -0.026282170342348      0.021408930527750
     -0.021408930527750      0.021408930527750     -0.011533579114832
    1   80
      0.000000000000000      0.000000000000000      0.000000000000000
      0.000000000000000      0.000000000000000      0.000000000000000
      0.000000000000000      0.000000000000000      0.000000000000000
    1   81
     -3.045738146334903     -2.125382232700516      2.125382232700516
     -2.125382232700516     -3.045738146334903      2.125382232700516
      2.125382232700516      2.125382232700516     -3.045738146334903
    1   82
      0.006195297133363      0.014806623480618     -0.016418740945583
      0.014806623480618      0.023233181259907      0.014806623480618
     -0.016418740945583      0.014806623480618      0.006195297133363
    1   83
      0.000000000000000      0.000000000000000      0.000000000000000
      0.000000000000000      0.000000000000000      0.000000000000000
      0.000000000000000      0.000000000000000      0.000000000000000
    1   84
      0.006195297133363      0.016418740945583     -0.014806623480618
      0.016418740945583      0.006195297133363      0.014806623480618
     -0.014806623480618      0.014806623480618      0.023233181259907
    1   85
      0.023233181259907      0.014806623480618      0.014806623480618
      0.014806623480618      0.006195297133363     -0.016418740945583
      0.014806623480618     -0.016418740945583      0.006195297133363
    1   86
      0.000000000000000      0.000000000000000      0.000000000000000
      0.000000000000000      0.000000000000000      0.000000000000000
      0.000000000000000      0.000000000000000      0.000000000000000
    1   87
      0.000000000000000      0.000000000000000      0.000000000000000
      0.000000000000000      0.000000000000000      0.000000000000000
      0.000000000000000      0.000000000000000      0.000000000000000
    1   88
      0.023233181259907     -0.014806623480618     -0.014806623480618
     -0.014806623480618      0.006195297133363     -0.016418740945583
     -0.014806623480618     -0.016418740945583      0.006195297133363
    1   89
      0.000000000000000      0.000000000000000      0.000000000000000
      0.000000000000000      0.000000000000000      0.000000000000000
      0.000000000000000      0.000000000000000      0.000000000000000
    1   90
      0.000000000000000      0.000000000000000      0.000000000000000
      0.000000000000000      0.000000000000000      0.000000000000000
      0.000000000000000      0.000000000000000      0.000000000000000
    1   91
      0.000000000000000      0.000000000000000      0.000000000000000
      0.000000000000000      0.000000000000000      0.000000000000000
      0.000000000000000      0.000000000000000      0.000000000000000
    1   92
      0.000000000000000      0.000000000000000      0.000000000000000
      0.000000000000000      0.000000000000000      0.000000000000000
      0.000000000000000      0.000000000000000      0.000000000000000
    1   93
      0.006195297133363      0.016418740945583      0.014806623480618
      0.016418740945583      0.006195297133363     -0.014806623480618
      0.014806623480618     -0.014806623480618      0.023233181259907
    1   94
      0.006195297133363     -0.014806623480618     -0.016418740945583
     -0.014806623480618      0.023233181259907     -0.014806623480618
     -0.016418740945583     -0.014806623480618      0.006195297133363
    1   95
      0.000000000000000      0.000000000000000      0.000000000000000
      0.000000000000000      0.000000000000000      0.000000000000000
      0.000000000000000      0.000000000000000      0.000000000000000
    1   96
      0.000000000000000      0.000000000000000      0.000000000000000
      0.000000000000000      0.000000000000000      0.000000000000000
      0.000000000000000      0.000000000000000      0.000000000000000
    1   97
     -0.026282170342348     -0.026780741557203     -0.021408930527750
     -0.026780741557203     -0.026282170342348     -0.021408930527750
     -0.021408930527750     -0.021408930527750     -0.011533579114832
    1   98
      0.000000000000000      0.000000000000000      0.000000000000000
      0.000000000000000      0.000000000000000      0.000000000000000
      0.000000000000000      0.000000000000000      0.000000000000000
    1   99
      0.000000000000000      0.000000000000000      0.000000000000000
      0.000000000000000      0.000000000000000      0.000000000000000
      0.000000000000000      0.000000000000000      0.000000000000000
    1  100
     -0.026282170342348      0.021408930527750      0.026780741557203
      0.021408930527750     -0.011533579114832     -0.021408930527750
      0.026780741557203     -0.021408930527750     -0.026282170342348
    1  101
      0.000000000000000      0.000000000000000      0.000000000000000
      0.000000000000000      0.000000000000000      0.000000000000000
      0.000000000000000      0.000000000000000      0.000000000000000
    1  102
      0.000000000000000      0.000000000000000      0.000000000000000
      0.000000000000000      0.000000000000000      0.000000000000000
      0.000000000000000      0.000000000000000      0.000000000000000
    1  103
      0.000000000000000      0.000000000000000      0.000000000000000
      0.000000000000000      0.000000000000000      0.000000000000000
      0.000000000000000      0.000000000000000      0.000000000000000
    1  104
      0.000000000000000      0.000000000000000      0.000000000000000
      0.000000000000000      0.000000000000000      0.000000000000000
      0.000000000000000      0.000000000000000      0.000000000000000
    1  105
      0.000000000000000      0.000000000000000      0.000000000000000
      0.000000000000000      0.000000000000000      0.000000000000000
      0.000000000000000      0.000000000000000      0.000000000000000
    1  106
      0.000000000000000      0.000000000000000      0.000000000000000
      0.000000000000000      0.000000000000000      0.000000000000000
      0.000000000000000      0.000000000000000      0.000000000000000
    1  107
      0.000000000000000      0.000000000000000      0.000000000000000
      0.000000000000000      0.000000000000000      0.000000000000000
      0.000000000000000      0.000000000000000      0.000000000000000
    1  108
      0.000000000000000      0.000000000000000      0.000000000000000
      0.000000000000000      0.000000000000000      0.000000000000000
      0.000000000000000      0.000000000000000      0.000000000000000
    1  109
     -0.011533579114832      0.021408930527750     -0.021408930527750
      0.021408930527750     -0.026282170342348      0.026780741557203
     -0.021408930527750      0.026780741557203     -0.026282170342348
    1  110
      0.000000000000000      0.000000000000000      0.000000000000000
      0.000000000000000      0.000000000000000      0.000000000000000
      0.000000000000000      0.000000000000000      0.000000000000000
    1  111
      0.000000000000000      0.000000000000000      0.000000000000000
      0.000000000000000      0.000000000000000      0.000000000000000
      0.000000000000000      0.000000000000000      0.000000000000000
    1  112
      0.000000000000000      0.000000000000000      0.000000000000000
      0.000000000000000      0.000000000000000      0.000000000000000
      0.000000000000000      0.000000000000000      0.000000000000000
    1  113
     -0.026282170342348     -0.026780741557203      0.021408930527750
     -0.026780741557203     -0.026282170342348      0.021408930527750
      0.021408930527750      0.021408930527750     -0.011533579114832
    1  114
      0.023233181259907      0.014806623480618     -0.014806623480618
      0.014806623480618      0.006195297133363      0.016418740945583
     -0.014806623480618      0.016418740945583      0.006195297133363
    1  115
     -0.026282170342348     -0.021408930527750      0.026780741557203
     -0.021408930527750     -0.011533579114832      0.021408930527750
      0.026780741557203      0.021408930527750     -0.026282170342348
    1  116
      0.000000000000000      0.000000000000000      0.000000000000000
      0.000000000000000      0.000000000000000      0.000000000000000
      0.000000000000000      0.000000000000000      0.000000000000000
    1  117
      0.006195297133363      0.014806623480618      0.016418740945583
      0.014806623480618      0.023233181259907     -0.014806623480618
      0.016418740945583     -0.014806623480618      0.006195297133363
    1  118
      0.006195297133363     -0.016418740945583     -0.014806623480618
     -0.016418740945583      0.006195297133363     -0.014806623480618
     -0.014806623480618     -0.014806623480618      0.023233181259907
    1  119
      0.000000000000000      0.000000000000000      0.000000000000000
      0.000000000000000      0.000000000000000      0.000000000000000
      0.000000000000000      0.000000000000000      0.000000000000000
    1  120
      0.000000000000000      0.000000000000000      0.000000000000000
      0.000000000000000      0.000000000000000      0.000000000000000
      0.000000000000000      0.000000000000000      0.000000000000000
    1  121
     -0.011533579114832     -0.021408930527750      0.021408930527750
     -0.021408930527750     -0.026282170342348      0.026780741557203
      0.021408930527750      0.026780741557203     -0.026282170342348
    1  122
      0.000000000000000      0.000000000000000      0.000000000000000
      0.000000000000000      0.000000000000000      0.000000000000000
      0.000000000000000      0.000000000000000      0.000000000000000
    1  123
      0.000000000000000      0.000000000000000      0.000000000000000
      0.000000000000000      0.000000000000000      0.000000000000000
      0.000000000000000      0.000000000000000      0.000000000000000
    1  124
      0.000000000000000      0.000000000000000      0.000000000000000
      0.000000000000000      0.000000000000000      0.000000000000000
      0.000000000000000      0.000000000000000      0.000000000000000
    1  125
      0.000000000000000      0.000000000000000      0.000000000000000
      0.000000000000000      0.000000000000000      0.000000000000000
      0.000000000000000      0.000000000000000      0.000000000000000
    1  126
      0.000000000000000      0.000000000000000      0.000000000000000
      0.000000000000000      0.000000000000000      0.000000000000000
      0.000000000000000      0.000000000000000      0.000000000000000
    1  127
      0.000000000000000      0.000000000000000      0.000000000000000
      0.000000000000000      0.000000000000000      0.000000000000000
      0.000000000000000      0.000000000000000      0.000000000000000
    1  128
      0.000000000000000      0.000000000000000      0.000000000000000
      0.000000000000000      0.000000000000000      0.000000000000000
      0.000000000000000      0.000000000000000      0.000000000000000
    2    1
      0.324274791529203      0.052268183274967      0.052268183274967
     -0.052268183274967     -0.190561398350953     -0.164419501705728
     -0.052268183274967     -0.164419501705728     -0.190561398350953
    2    2
     12.578241816996510      0.000000000000001     -0.000000000000001
      0.000000000000001     12.578241816996508     -0.000000000000000
     -0.000000000000001     -0.000000000000000     12.578241816996510
    2    3
      0.324274791529203     -0.052268183274967     -0.052268183274967
      0.052268183274967     -0.190561398350953     -0.164419501705728
      0.052268183274967     -0.164419501705728     -0.190561398350953
    2    4
      0.000000000000000      0.000000000000000      0.000000000000000
      0.000000000000000      0.000000000000000      0.000000000000000
      0.000000000000000      0.000000000000000      0.000000000000000
    2    5
     -0.190561398350953      0.164419501705728     -0.052268183274967
      0.164419501705728     -0.190561398350953      0.052268183274967
      0.052268183274967     -0.052268183274967      0.324274791529203
    2    6
     -0.190561398350953      0.052268183274967     -0.164419501705728
     -0.052268183274967      0.324274791529203     -0.052268183274967
     -0.164419501705728      0.052268183274967     -0.190561398350953
    2    7
      0.002094273656773     -0.003715211875524     -0.014283467699061
     -0.003715211875524      0.002094273656773     -0.014283467699061
     -0.004372575583942     -0.004372575583942     -0.010654624287727
    2    8
      0.002094273656773      0.014283467699061      0.003715211875524
      0.004372575583942     -0.010654624287727     -0.004372575583942
      0.003715211875524     -0.014283467699061      0.002094273656773
    2    9
     -0.010654624287727      0.014283467699061     -0.014283467699061
      0.004372575583942      0.002094273656773      0.003715211875524
     -0.004372575583942      0.003715211875524      0.002094273656773
    2   10
      0.000000000000000      0.000000000000000      0.000000000000000
      0.000000000000000      0.000000000000000      0.000000000000000
      0.000000000000000      0.000000000000000      0.000000000000000
    2   11
     -0.010654624287727      0.004372575583942     -0.004372575583942
      0.014283467699061      0.002094273656773      0.003715211875524
     -0.014283467699061      0.003715211875524      0.002094273656773
    2   12
      0.000000000000000      0.000000000000000      0.000000000000000
      0.000000000000000      0.000000000000000      0.000000000000000
      0.000000000000000      0.000000000000000      0.000000000000000
    2   13
      0.002094273656773     -0.003715211875524     -0.004372575583942
     -0.003715211875524      0.002094273656773     -0.004372575583942
     -0.014283467699061     -0.014283467699061     -0.010654624287727
    2   14
     -0.190561398350953     -0.052268183274967     -0.164419501705728
      0.052268183274967      0.324274791529203      0.052268183274967
     -0.164419501705728     -0.052268183274967     -0.190561398350953
    2   15
     -0.190561398350953      0.164419501705728      0.052268183274967
      0.164419501705728     -0.190561398350953     -0.052268183274967
     -0.052268183274967      0.052268183274967      0.324274791529203
    2   16
      0.002094273656773      0.004372575583942      0.003715211875524
      0.014283467699061     -0.010654624287727     -0.014283467699061
      0.003715211875524     -0.004372575583942      0.002094273656773
    2   17
     -0.190561398350953     -0.052268183274967      0.164419501705728
      0.052268183274967      0.324274791529203     -0.052268183274967
      0.164419501705728      0.052268183274967     -0.190561398350953
    2   18
     -0.190561398350953     -0.164419501705728      0.052268183274967
     -0.164419501705728     -0.190561398350953      0.052268183274967
     -0.052268183274967     -0.052268183274967      0.324274791529203
    2   19
      0.002094273656773     -0.014283467699061     -0.003715211875524
     -0.004372575583942     -0.010654624287727     -0.004372575583942
     -0.003715211875524     -0.014283467699061      0.002094273656773
    2   20
      0.002094273656773      0.003715211875524      0.014283467699061
      0.003715211875524      0.002094273656773     -0.014283467699061
      0.004372575583942     -0.004372575583942     -0.010654624287727
    2   21
     -0.043886796424897     -0.000000000000000     -0.000000000000000
      0.000000000000000      0.021375393692186     -0.000000000000000
     -0.000000000000000     -0.000000000000000      0.021375393692186
    2   22
     -0.010654624287727     -0.004372575583942     -0.004372575583942
     -0.014283467699061      0.002094273656773     -0.003715211875524
     -0.014283467699061     -0.003715211875524      0.002094273656773
    2   23
      0.000000000000000      0.000000000000000      0.000000000000000
      0.000000000000000      0.000000000000000      0.000000000000000
      0.000000000000000      0.000000000000000      0.000000000000000
    2   24
     -0.010654624287727      0.004372575583942      0.004372575583942
      0.014283467699061      0.002094273656773     -0.003715211875524
      0.014283467699061     -0.003715211875524      0.002094273656773
    2   25
      0.000000000000000      0.000000000000000      0.000000000000000
      0.000000000000000      0.000000000000000      0.000000000000000
      0.000000000000000      0.000000000000000      0.000000000000000
    2   26
      0.002094273656773      0.003715211875524     -0.014283467699061
      0.003715211875524      0.002094273656773      0.014283467699061
     -0.004372575583942      0.004372575583942     -0.010654624287727
    2   27
      0.002094273656773      0.014283467699061     -0.003715211875524
      0.004372575583942     -0.010654624287727      0.004372575583942
     -0.003715211875524      0.014283467699061      0.002094273656773
    2   28
      0.000000000000000      0.000000000000000      0.000000000000000
      0.000000000000000      0.000000000000000      0.000000000000000
      0.000000000000000      0.000000000000000      0.000000000000000
    2   29
      0.021375393692186     -0.000000000000000     -0.000000000000000
     -0.000000000000000      0.021375393692186     -0.000000000000000
      0.000000000000000     -0.000000000000000     -0.043886796424897
    2   30
      0.324274791529203      0.052268183274967     -0.052268183274967
     -0.052268183274967     -0.190561398350953      0.164419501705728
      0.052268183274967      0.164419501705728     -0.190561398350953
    2   31
      0.021375393692186     -0.000000000000000     -0.000000000000000
     -0.000000000000000     -0.043886796424897     -0.000000000000000
     -0.000000000000000      0.000000000000000      0.021375393692186
    2   32
      0.000000000000000      0.000000000000000      0.000000000000000
      0.000000000000000      0.000000000000000      0.000000000000000
      0.000000000000000      0.000000000000000      0.000000000000000
    2   33
     -0.010654624287727     -0.014283467699061      0.014283467699061
     -0.004372575583942      0.002094273656773      0.003715211875524
      0.004372575583942      0.003715211875524      0.002094273656773
    2   34
      0.000000000000000      0.000000000000000      0.000000000000000
      0.000000000000000      0.000000000000000      0.000000000000000
      0.000000000000000      0.000000000000000      0.000000000000000
    2   35
     -0.010654624287727     -0.004372575583942      0.004372575583942
     -0.014283467699061      0.002094273656773      0.003715211875524
      0.014283467699061      0.003715211875524      0.002094273656773
    2   36
      0.000000000000000      0.000000000000000      0.000000000000000
      0.000000000000000      0.000000000000000      0.000000000000000
      0.000000000000000      0.000000000000000      0.000000000000000
    2   37
      0.000000000000000      0.000000000000000      0.000000000000000
      0.000000000000000      0.000000000000000      0.000000000000000
      0.000000000000000      0.000000000000000      0.000000000000000
    2   38
      0.002094273656773     -0.014283467699061      0.003715211875524
     -0.004372575583942     -0.010654624287727      0.004372575583942
      0.003715211875524      0.014283467699061      0.002094273656773
    2   39
      0.002094273656773     -0.003715211875524      0.014283467699061
     -0.003715211875524      0.002094273656773      0.014283467699061
      0.004372575583942      0.004372575583942     -0.010654624287727
    2   40
      0.000000000000000      0.000000000000000      0.000000000000000
      0.000000000000000      0.000000000000000      0.000000000000000
      0.000000000000000      0.000000000000000      0.000000000000000
    2   41
      0.000000000000000      0.000000000000000      0.000000000000000
      0.000000000000000      0.000000000000000      0.000000000000000
      0.000000000000000      0.000000000000000      0.000000000000000
    2   42
      0.000000000000000      0.000000000000000      0.000000000000000
      0.000000000000000      0.000000000000000      0.000000000000000
      0.000000000000000      0.000000000000000      0.000000000000000
    2   43
      0.000000000000000      0.000000000000000      0.000000000000000
      0.000000000000000      0.000000000000000      0.000000000000000
      0.000000000000000      0.000000000000000      0.000000000000000
    2   44
      0.000000000000000      0.000000000000000      0.000000000000000
      0.000000000000000      0.000000000000000      0.000000000000000
      0.000000000000000      0.000000000000000      0.000000000000000
    2   45
      0.002094273656773     -0.003715211875524      0.004372575583942
     -0.003715211875524      0.002094273656773      0.004372575583942
      0.014283467699061      0.014283467699061     -0.010654624287727
    2   46
      0.002094273656773     -0.004372575583942      0.003715211875524
     -0.014283467699061     -0.010654624287727      0.014283467699061
      0.003715211875524      0.004372575583942      0.002094273656773
    2   47
      0.000000000000000      0.000000000000000      0.000000000000000
      0.000000000000000      0.000000000000000      0.000000000000000
      0.000000000000000      0.000000000000000      0.000000000000000
    2   48
      0.000000000000000      0.000000000000000      0.000000000000000
      0.000000000000000      0.000000000000000      0.000000000000000
      0.000000000000000      0.000000000000000      0.000000000000000
    2   49
      0.002094273656773     -0.004372575583942     -0.003715211875524
     -0.014283467699061     -0.010654624287727     -0.014283467699061
     -0.003715211875524     -0.004372575583942      0.002094273656773
    2   50
     -0.190561398350953     -0.164419501705728     -0.052268183274967
     -0.164419501705728     -0.190561398350953     -0.052268183274967
      0.052268183274967      0.052268183274967      0.324274791529203
    2   51
     -0.190561398350953      0.052268183274967      0.164419501705728
     -0.052268183274967      0.324274791529203      0.052268183274967
      0.164419501705728     -0.052268183274967     -0.190561398350953
    2   52
      0.002094273656773      0.003715211875524      0.004372575583942
      0.003715211875524      0.002094273656773     -0.004372575583942
      0.014283467699061     -0.014283467699061     -0.010654624287727
    2   53
      0.021375393692186     -0.000000000000000     -0.000000000000000
     -0.000000000000000     -0.043886796424897      0.000000000000000
